000fe000fe000fe000fe000fe000fe000fe000fe000fe000fe000fe000fe000fe000fe000fe000fe000fe000fe000fe000fe000fe000fe
000fe0000000000000000000000000000000000000000040aa04094040b5280fa04078030be040502b00104030000002b001040b3000fe
00000000000000500000000001b002040a70000000000280fa280fa1c15e030be030be030be040b21b002040a9030be000001b002000fe
000fe000001b0020000000000000000000000000000001b002040a5280fa1c15e040b0030be030be030be030be030be0404b00000000fe
0000000005000000000000000000000000000000000000409d000000409f280fa030be030be101901e0c8030be040a20000000000000fe
000fe00000000000405900000000000405e0000000000000000409b280fa200012a4b01b002040902a4b008032360220408e00000000fe
0000000000000000404f000000405b00000000001b002000002b0010408d295dc1e0c8000001dba71c15e10190040971b00204063000fe
000fe00000040862b0010407100000000000000004060030be00000280fa22020260351b0021c15e1c15e0408b04085000010400e000fe
00000000010407a040890407f1c15e0404d280fa030be030be21000280fa1a003220040406d04088040c0040bc280fa0406f00000000fe
000fe000000000100001040821c15e2a4b01e0c8030be030be0406704062280fa040690406b00001040b9040ae1c15e280fa2b001000fe
00000000000000100001040981c15e1dbb81b002030be220211e0c81c15e2200300000350541b00204010030be000000400c00000000fe
000fe00000000000700400000000000000021000030be040c8160060402f1b0020000004070280fa030be030be00000030be030be000fe
0000000000000000000000000000001b002000000000004043040841c15e030be0401504073030be0401200000030be0000000000000fe
000fe000001b002030be04049030be00000000000403f040412b0010408100001030be030be1c15e030be030be030be0407600000000fe
0000004047030be00000030be030be040c80402c2b00100000000010402b030be220001e0c820001030be04017040181b00200000000fe
000fe04065030be0000100000000000000000000000000000000000030be030be030be1b0021c15e030be04021000010407700000000fe
0403d1c15e000010000000000000001b0020000000000010040000000000040be000000402304014030be0401d000011c15e2b001000fe
000fe030be030a7040070100000000040ad040ac040c80000027000040c300001040bf00000280fa1b002030be030be030be0401e000fe
0404c2b001000000000000000000000000000000040c21b002040c60407c040c40000000000280fa040b80402500000030be030be000fe
000fe040390407e0407d0000000000000000100027000040c81c15e1c15e040c81b0020000022002280fa280fa280fa1b0020401f000fe
00000000000000000000000001b0020000000000000000400504006040030400200000000000400a040bb0402904027280fa2b001000fe
000fe000fe000fe000fe000fe000fe000fe000fe000fe000fe000fe000fe000fe000fe000fe000fe000fe000fe000fe000fe000fe000fe
1,707,4,17,1
11,707,4,17,1
7,707,12,19,1
11,707,12,19,1
7,707,8,17,1
11,707,8,17,1
88,0,0,0,0
88,0,0,0,0
88,0,0,0,0
88,0,0,0,0
88,0,0,0,0
88,0,0,0,0
88,0,0,0,0
88,0,0,0,0
88,0,0,0,0
88,0,0,0,0
88,0,0,0,0
88,0,0,0,0
88,0,0,0,0
88,0,0,0,0
88,0,0,0,0
88,0,0,0,0
88,0,0,0,0
88,0,0,0,0
88,0,0,0,0
88,0,0,0,0
88,0,0,0,0
88,0,0,0,0
88,0,0,0,0
88,0,0,0,0
88,0,0,0,0
88,0,0,0,0
88,0,0,0,0
88,0,0,0,0
88,0,0,0,0
88,0,0,0,0
88,0,0,0,0
88,0,0,0,0
88,0,0,0,0
88,0,0,0,0
88,0,0,0,0
88,0,0,0,0
88,0,0,0,0
88,0,0,0,0
88,0,0,0,0
88,0,0,0,0
88,0,0,0,0
88,0,0,0,0
88,0,0,0,0
88,0,0,0,0
0>トータエ統治機構,734>0>45385：トータエ統治審議会>貴国の巨大隕石災害について、哀悼の意を表明します。>#CD5C5C
0>トータエ統治機構,734>0>45335：トータエ統治審議会>鉄鉱山の開発が無事完了したため、鉄の輸送を開始します。>#CD5C5C
0>トータエ統治機構,734>0>45318：トータエ統治審議会>つきましては、協定への署名をお願いいたします。>#CD5C5C
0>トータエ統治機構,734>0>45318：トータエ統治審議会>我が国は貴国との協定締結を決定しました。入札に参加していただきありがとうございます。>#CD5C5C
1>トータエ統治機構,734>0>45289：統治審議会>https://tanstaafl.tokyo/forums/topic/19943/>#CD5C5C
0>トータエ統治機構,734>0>45289：統治審議会>統治機構は国際会議場（フォーラム）にて入札を募っておりますので、よければそちらからよろしくお願いします。>#CD5C5C
0>トータエ統治機構,734>0>45289：統治審議会>貴国の支援提案を心より感謝いたします。>#CD5C5C
0>ラ・フローリド共和国,662>0>44575：共和国外務院>トップページから確認できる報道機関にて「エルカバーニャ紙」にて貴国のことを取り上げましたので、良かったらみてください>
0>ラ・フローリド共和国,662>0>44437：共和国外務院>直ちに、ウラン鉱山に対し鉱山整備を実施することを進言する。>
0>ラ・フローリド共和国,662>0>44407：共和国外務院>「ホクリク」地域の統治機構として、今後とも継続した関係構築を切に望みます。>
0>ラ・フローリド共和国,662>0>44407：共和国通商院>遅くなり申し訳ございません。燃料３億と資金12兆Va入力完了しました。ご確認ください>
0>ラ・フローリド共和国,662>0>44395：共和国通商院>銀5000を燃料3億ガロンでの購入し、のこり1万5000を資金12兆Vaにて購入したく提示します。>
0>ラ・フローリド共和国,662>0>44389：共和国通商院>銀2万t可能な件、感謝します。燃料との放出は正直難しく、資金での取引（条件は提示した内容）は可能でしょうか>
0>ラ・フローリド共和国,662>0>44377：共和国通商院>燃料の場合はどのようなレートを希望しますか>
0>ラ・フローリド共和国,662>0>44377：共和国通商院>貴国の返答に感謝する。銀2万tの定期輸送を希望するが、対価は資金を希望(1万あたり8兆Va）いかがか。>
734,71,200,45330
662,79,30,44404
662,79,10,44404

















