000fe000fe000fe000fe000fe000fe000fe000fe000fe000fe000fe000fe000fe000fe000fe000fe000fe000fe000fe000fe000fe000fe
000fe0000000000000000000000000000000000000000000000000000000000000000000000000000000000000000000000000000000fe
000000000000000000000000000000000000000000000000000000100001000010000000000000000000000000000000000000000000fe
000fe0000000000000000000000000000000000000000000010000101000010000100000001000000000000000000000000000000000fe
000000000000000000000000000000000010000101000010000100001000010000100000001000000000000000000000000000000000fe
000fe00000000000000000000000010100001000010000100001000010000403c0100001000010000000100000000000000000000000fe
0000000000000000000000001010000100001000010000403d0100008032010000100001000010000000100000000000000000000000fe
000fe0000000000000000000001000010000403e010002000401000030be030be010000403b010000100001000000010000000000000fe
0000000000000000000000001010000100001000030be030be030be04098030be030be01000010000100001000000010000000000000fe
000fe00000000000000000001010000100001000030be0409f030be32047030be030be030be200040403a01000010000000000000000fe
0000000000000000000001000010000403f08032030be030be030be030be030be04096030be010000100001000000010000000000000fe
000fe00000000000000000001010000100001000030be030be030be04078030be030be030be010000100001000000010000000000000fe
00000000000000000001010000100001000030be0409d030be030be030be030be030be08032040390100001000000000000000000000fe
000fe00000000000000001000010000404010028030be0401d030be030be030be0409a030be010000100001000000010000000000000fe
000000000000000000010100001000010000100001000030be0409b340670401c0d03201000010000100000001000000000000000000fe
000fe000000000000000000010100001000010000404101000030be030be010000100001000040380100001000000000000000000000fe
000000000000000000000000100001010000100001000010000800f01000040370100001000010000100000001000000000000000000fe
000fe0000000000000000000000000000010100001000010000403601000010000100001000010000100000001000000000000000000fe
000000000000000000000000000000000000000101000010000100001000010000100000001000010000000000000000000000000000fe
000fe0000000000000000000000000000000000000001010000100001000000010000100000000000000000000000000000000000000fe
000000000000000000000000000000000000000000001000010000000000000000000000000000000000000000000000000000000000fe
000fe000fe000fe000fe000fe000fe000fe000fe000fe000fe000fe000fe000fe000fe000fe000fe000fe000fe000fe000fe000fe000fe
12,735,10,16,5
88,0,0,0,0
88,0,0,0,0
88,0,0,0,0
88,0,0,0,0
88,0,0,0,0
88,0,0,0,0
88,0,0,0,0
88,0,0,0,0
88,0,0,0,0
88,0,0,0,0
88,0,0,0,0
88,0,0,0,0
88,0,0,0,0
88,0,0,0,0
88,0,0,0,0
88,0,0,0,0
88,0,0,0,0
88,0,0,0,0
88,0,0,0,0
88,0,0,0,0
88,0,0,0,0
88,0,0,0,0
88,0,0,0,0
88,0,0,0,0
88,0,0,0,0
88,0,0,0,0
88,0,0,0,0
88,0,0,0,0
88,0,0,0,0
88,0,0,0,0
88,0,0,0,0
88,0,0,0,0
88,0,0,0,0
88,0,0,0,0
88,0,0,0,0
88,0,0,0,0
88,0,0,0,0
88,0,0,0,0
88,0,0,0,0
88,0,0,0,0
88,0,0,0,0
88,0,0,0,0
88,0,0,0,0
88,0,0,0,0
88,0,0,0,0
88,0,0,0,0
88,0,0,0,0
88,0,0,0,0
88,0,0,0,0
0>トータエ統治機構,734>0>45421：トータエ統治審議会>貴国に食肉を支援します。>#CD5C5C
0>レゲロ社会主義人民共和国,667>0>45287：レゲロ外交通商部>10兆の定期供与に訂正させていただきます。必要に応じて協力は協議させていただくので食料供給力の強化をお願いいたします。>#32CD32
0>レゲロ社会主義人民共和国,667>0>45287：レゲロ外交通商部>30兆vaの定期供与と、約50兆相当の臨時供与を実施させていただきたいと思います。>#32CD32
0>レゲロ社会主義人民共和国,667>0>45287：レゲロ外交通商部>貴国のご返答に感謝致します。まずは貴国の発展に必要な開発援助を実施したいと考えます。>#32CD32
0>トータエ統治機構,734>0>45284：統治審議会>貴国との国交樹立を歓迎し、承認します。>#808080
0>レゲロ社会主義人民共和国,667>0>45272：レゲロ外交通商部>貴国の食料増産を以て、資金供与額に見合った食料の出荷に移行し食料購入契約に移行する提案をさせていただきたい。>#32CD32
0>レゲロ社会主義人民共和国,667>0>45272：レゲロ外交通商部>貴国との国交樹立及び食料輸入交渉を行いたいと思います。まず我々は無償による資金供与を行い、>#32CD32
0>民族自治軍管区ハルィチナー,635>0>45236：ハルィチナー人民代表>弊軍管区は貴国との間に外交関係の樹立を提案させて頂きます。>#D2691E
1>ヴェールヌイ社会主義共和国,640>0>45216：共和国外務省>建国おめでとうございます。開発に支援が必要であれば用意がございますので、気兼ねなくご相談ください。>87CEEB
0>>0>>
0>>0>>
0>>0>>
0>>0>>
0>>0>>
0>>0>>




















