000fe000fe000fe000fe000fe000fe000fe000fe000fe000fe000fe000fe000fe000fe000fe000fe000fe000fe000fe000fe000fe000fe
000fe0000000000000000000000000000000000000000040b9040a3040c4280fa04087030be0405f2b0010403f000002b001040c2000fe
00000000000000000000000001b002040b60000000000280fa280fa1c15e030be030be030be040c11b002040b8030be000001b002000fe
000fe000001b0020000000000000000000000000000001b002040b4280fa1c15e040bf030be030be030be030be030be0405a00000000fe
000000000000000000000000000005000000000000000040ac00000040ae280fa030be030be101901e0c8030be040b10000000000000fe
000fe00000000000406800000000000406d000000000000000040aa280fa200012a4b01b0020409f2a4b008032360220409d00000000fe
0000000005000000405e000000406a00000000001b002000002b0010409c295dc1e0c8000001dbb81c15e10190040a61b00204072000fe
000fe00000040952b001040800000000000000000406f030be00000280fa22020260351b0021c15e1c15e0409a04094000010401d000fe
000000000104089040980408e1c15e0405c280fa030be030be21000280fa1a003220040407c04097040c8040c8280fa0407e00000000fe
000fe000000000100001040911c15e2a4b01e0c8030be030be0407604071280fa040780407a00001040c8040bd1c15e280fa2b001000fe
00000000000000100001040a71c15e1dbb81b002030be220211e0c81c15e2200300000350541b0020401f030be000000401b00000000fe
000fe00000000000700400000000000000021000030be040c8160060403e1b002000000407f280fa030be030be00000030be030be000fe
0000000000000000000000000000001b002000000000004052040931c15e030be0402404082030be0402100000030be0000000000000fe
000fe000001b002030be04058030be00000000000404e040502b0010409000001030be030be1c15e030be030be030be0408500000000fe
0000004056030be00000030be030be040c80403b2b00100000000010403a030be220001e0c820001030be04026040271b00200000000fe
000fe04074030be0000100000000000000000000000000000000000030be030be030be1b0021c15e030be04030000010408600000000fe
0404c1c15e000010000000000000001b0020000000000010040000000000040c8000000403204023030be0402c000011c15e2b001000fe
000fe030be030be040160400f00000040bc040bb0400d00000270000400700001040c800000280fa1b002030be030be030be0402d000fe
0f0202b001000000000000000000000000000000040091b002040050408b040030000000000280fa040c70403400000030be030be000fe
000fe040480408d0408c00000000000000001000270000400b1c15e1c15e0400e1b0020000022002280fa280fa280fa1b0020402e000fe
00000000000000000000000001b00200000000000000004014040150401204011000000000004019040c80403804036280fa2b001000fe
000fe000fe000fe000fe000fe000fe000fe000fe000fe000fe000fe000fe000fe000fe000fe000fe000fe000fe000fe000fe000fe000fe
7,707,13,17,1
11,707,13,17,1
88,0,0,0,0
88,0,0,0,0
88,0,0,0,0
88,0,0,0,0
88,0,0,0,0
88,0,0,0,0
88,0,0,0,0
88,0,0,0,0
88,0,0,0,0
88,0,0,0,0
88,0,0,0,0
88,0,0,0,0
88,0,0,0,0
88,0,0,0,0
88,0,0,0,0
88,0,0,0,0
88,0,0,0,0
88,0,0,0,0
88,0,0,0,0
88,0,0,0,0
88,0,0,0,0
88,0,0,0,0
88,0,0,0,0
88,0,0,0,0
88,0,0,0,0
88,0,0,0,0
88,0,0,0,0
88,0,0,0,0
88,0,0,0,0
88,0,0,0,0
88,0,0,0,0
88,0,0,0,0
88,0,0,0,0
88,0,0,0,0
88,0,0,0,0
88,0,0,0,0
88,0,0,0,0
88,0,0,0,0
88,0,0,0,0
88,0,0,0,0
88,0,0,0,0
88,0,0,0,0
88,0,0,0,0
88,0,0,0,0
88,0,0,0,0
88,0,0,0,0
88,0,0,0,0
88,0,0,0,0
0>トータエ統治機構,734>0>45385：トータエ統治審議会>貴国の巨大隕石災害について、哀悼の意を表明します。>#CD5C5C
0>トータエ統治機構,734>0>45335：トータエ統治審議会>鉄鉱山の開発が無事完了したため、鉄の輸送を開始します。>#CD5C5C
0>トータエ統治機構,734>0>45318：トータエ統治審議会>つきましては、協定への署名をお願いいたします。>#CD5C5C
0>トータエ統治機構,734>0>45318：トータエ統治審議会>我が国は貴国との協定締結を決定しました。入札に参加していただきありがとうございます。>#CD5C5C
1>トータエ統治機構,734>0>45289：統治審議会>https://tanstaafl.tokyo/forums/topic/19943/>#CD5C5C
0>トータエ統治機構,734>0>45289：統治審議会>統治機構は国際会議場（フォーラム）にて入札を募っておりますので、よければそちらからよろしくお願いします。>#CD5C5C
0>トータエ統治機構,734>0>45289：統治審議会>貴国の支援提案を心より感謝いたします。>#CD5C5C
0>ラ・フローリド共和国,662>0>44575：共和国外務院>トップページから確認できる報道機関にて「エルカバーニャ紙」にて貴国のことを取り上げましたので、良かったらみてください>
0>ラ・フローリド共和国,662>0>44437：共和国外務院>直ちに、ウラン鉱山に対し鉱山整備を実施することを進言する。>
0>ラ・フローリド共和国,662>0>44407：共和国外務院>「ホクリク」地域の統治機構として、今後とも継続した関係構築を切に望みます。>
0>ラ・フローリド共和国,662>0>44407：共和国通商院>遅くなり申し訳ございません。燃料３億と資金12兆Va入力完了しました。ご確認ください>
0>ラ・フローリド共和国,662>0>44395：共和国通商院>銀5000を燃料3億ガロンでの購入し、のこり1万5000を資金12兆Vaにて購入したく提示します。>
0>ラ・フローリド共和国,662>0>44389：共和国通商院>銀2万t可能な件、感謝します。燃料との放出は正直難しく、資金での取引（条件は提示した内容）は可能でしょうか>
0>ラ・フローリド共和国,662>0>44377：共和国通商院>燃料の場合はどのようなレートを希望しますか>
0>ラ・フローリド共和国,662>0>44377：共和国通商院>貴国の返答に感謝する。銀2万tの定期輸送を希望するが、対価は資金を希望(1万あたり8兆Va）いかがか。>
734,71,200,45330
662,79,30,44404
662,79,10,44404

















