000fe000fe000fe000fe000fe000fe000fe000fe000fe000fe000fe000fe000fe000fe000fe000fe000fe000fe000fe000fe000fe000fe
000fe00000000000000000000000000000000000000000000000000000002b0010000000000160d20000000000000000000000000000fe
0000000000000002b001160e4000000000000000160e7000000000000000000000000000000000000000000000000000000000000000fe
000fe0000000000000001b00200000000000000000000000000000000000000000000100001000000000000000000000000000000000fe
000000000000000160e1000000000000000000000000000000000001609f1605f160b7160a2000010000000000000000000000000000fe
000fe00000000000000000000000000000000000000000401e00000160721e0c8160cc1e0c80e0280000100000160a80000000000000fe
00000000000000000000000000000000000000002200c000000000000001000011608d16095000010000000000000000000000000000fe
000fe000001019000000000000000000000220172b001160992b0010407f20000000001b002160930000000000000000000000000000fe
0000000000000000000000000000001b0022b001160bd200001607b2a4b01e0c82203400000000000000000000000000000000000000fe
000fe00000000000000000001000010000004018000002a4b0160a2160d804010160c32200b00000000000000000000000000e064000fe
000000000000000220171e0c8160cf00000000001e0c82b0011609c2a4b0160721e0c8160840000000000000000000000000040df000fe
000fe000000000022017160db00001000000000022035150902200a350541e0c8295dc160630000000000000000000000000160c3000fe
00000000000000000000000000000000000220172a42f0401d160cf13280160a21e0c800000000000000000000000001e0c8040e1000fe
000fe000000000000000000002b0010000000000040111e0c8000000000000000210000000000000000000000000000160ba00000000fe
000000000000000000000000000000000002200d1019000001330ae00000000000000000000000000000000000000000000000000000fe
000fe000000000000000000000000000000000001609300000040d100000000000000000000040e4000002b001000000000000000000fe
0000000000000000000000000000001b002000000000000000160960000000000160e700000000010000100000000000000000000000fe
000fe0000000000000000000000000160d8160ab00000000000000000000000000000000000160a20e06e040d3000000000000000000fe
00000040df220350000000000000000000000000000000000000000000000000000000000011e0c8160b100000000000000000000000fe
000fe0000022035000000000000000000000000000000000000000000000000000000000000040e6160d200001000000000000000000fe
00000000000000000000040ef2201700000000000000000000000000000000000000000000000001000010000000000240cc00000000fe
000fe000fe000fe000fe000fe000fe000fe000fe000fe000fe000fe000fe000fe000fe000fe000fe000fe000fe000fe000fe000fe000fe
62,721,14,6,0
7,721,1,18,0
11,721,1,18,0
62,721,14,6,0
62,721,14,6,0
62,721,14,6,1
62,721,14,6,1
62,721,13,5,0
7,721,20,10,0
11,721,20,10,0
88,0,0,0,0
88,0,0,0,0
58,721,16,17,2
88,0,0,0,0
88,0,0,0,0
58,721,14,6,1
88,0,0,0,0
88,0,0,0,0
88,0,0,0,0
88,0,0,0,0
88,0,0,0,0
88,0,0,0,0
88,0,0,0,0
88,0,0,0,0
88,0,0,0,0
88,0,0,0,0
88,0,0,0,0
88,0,0,0,0
88,0,0,0,0
88,0,0,0,0
88,0,0,0,0
88,0,0,0,0
88,0,0,0,0
88,0,0,0,0
88,0,0,0,0
88,0,0,0,0
88,0,0,0,0
88,0,0,0,0
88,0,0,0,0
88,0,0,0,0
88,0,0,0,0
88,0,0,0,0
88,0,0,0,0
88,0,0,0,0
88,0,0,0,0
88,0,0,0,0
88,0,0,0,0
88,0,0,0,0
88,0,0,0,0
88,0,0,0,0
0>トータエ統治機構,734>0>45312：統治審議会>ジリノフスキー第七代王国統領の訃報に心よりお悔やみ申し上げます。>#CD5C5C
0>>1>45312：記録>フリューゲル暦 45312期1258年 8月ジリノフスキー第七代王国統領死去>
0>>1>44611：記録>フリューゲル暦 44611期1239年 3月初旬第6代マルシコワ王国統領退任>#FF69B4
0>神聖ガトーヴィチ帝国,272>0>44104：ガトーヴィチ外政省>また、ヴォルネスク大公ベロリーソフ家当主殿下の御臨席を賜りたく、お取り計らいいただけないでしょうか。>#A020F0
0>神聖ガトーヴィチ帝国,272>0>44104：ガトーヴィチ外政省>1227年1月に挙行される帝国建国八百周年記念式典に貴国貴賓を御招待いたします。御列席頂ける場合、御芳名をお知らせ下さい>#A020F0
0>>1>44021：記録>1222年 10月初旬第五代エゾフ統領死去。>
0>カルセドニー社会主義共和国,433>0>43272：共和国外交委員会>1203年に行われる、カルセドニー革命500周年記念式典に代表を招待いたします。出席の場合は氏名をご連絡ください。>#FF0000
0>ルーンレシア帝国,680>0>43235：ルーンレシア外務省>貴国のイが無事打ち上がったこと、物資でお祝いいたします>0000FF
0>>1>43225：記録>フリューゲル暦 43225期1200年 9月初旬 第四代ウリヤノワ王国統領退任>
0>>1>43225：記録>フリューゲル暦 42637期1184年 5月初旬第三代ルシコフ王国統領老衰で死去>
0>>1>43225：記録>フリューゲル暦 41839期1162年 3月初旬ミティシェンコ王国統領、加齢を機に勇退>
0>>1>43225：記録>フリューゲル暦 41293期1147年 1月初旬.初代ナーロフ王国統領死去。フリューゲル暦 41839期1162年 3月>
0>>1>43225：記録>第四代ウリヤノワ王国統領退任。フリューゲル暦 43225期1200年 9月初旬>
0>セビーリャ責任国,440>0>42784：セビーリャ責任国通商産業省>燃料ではなく、食料現行量＝砲弾1000でいかがでしょうか。>#FF0000
0>セビーリャ責任国,440>0>42782：セビーリャ責任国通商産業省>承知いたしました。ただちに減量していただいて問題ございません。>#FF0000
725,71,40,44663
635,71,80,42884
726,71,100,42884
440,82,2,42786
561,73,150,41424
680,73,500,41393
433,73,600,41372













