000fe000fe000fe000fe000fe000fe000fe000fe000fe000fe000fe000fe000fe000fe000fe000fe000fe000fe000fe000fe000fe000fe
000fe00000010002b0010100001000000000700a01000010000100001000000000000100001000010000000000000000000000000000fe
000000700a01000010000100000000010000100001000010002000100000040c8040c8040c82b0010000101000000000000000000000fe
000fe0000101000010000100000001010000100001000000010000100001040be040bd040bc040bb040c800001000000000000000000fe
00000010000100000001000010000100001000010000100001040c8040ba040b9040b8040b7040b6040c800001000000000000000000fe
000fe0100001000000010b0642b0010b01e040c8040c8040c8040b51600022021040b4040b3040b2040b1040c8000010000000000000fe
000000100000001040c8040c8040c8040c8040c8040c80d04a040ab040aa040a9040a8040a7040a6040a5040c8000010000000000000fe
000fe0000100001040c8040c8040c8040c8040c8040c8040c8040a4040a3040a2040a1040a0100780409f0409e2b0010000000000000fe
000010000100001040d0040c91e0c81e0c81e0c81d4211e0c80406c0406b0406a0409d0409c0409b0409a2b001000010000000000000fe
000fe00000000001e0c81e0c81e0c81e0c81e0c81e0c81e0c8040c8040690405f0405e0405d0409904098040c8000010000000000000fe
0000000000040261d5011e0c81e0c8295441e0c81e0c80405a0405604055040c80405c0405b040972b00100001000000000000000000fe
000fe0000000001160001e0c81e0c81e0c81e0c81e0c804051040c8040542b0012b00104044040430404204041000010000000000000fe
00000000000000100001040271e0c81e0c81e0c804050040c804053040c82b001040c8040c820000040c800001000000000000000000fe
000fe000000000000001000010402b0402a0402904028220210405200000330ae0404f040400403f0403e0403c000010000000000000fe
0000000001000010000100001040300402f0402e0402d0000121000030be260261e0c80403b0403a040361b002000000000000000000fe
000fe01000010000100001000000010403404033040320403100001030be1c15e030be040c8000010000100001000010000000000000fe
3505400001010000100001000000010000100001040380403704035030be000010000100001000010100001000010000000100000000fe
000fe00001000010000101000010000000100001000010403900001000011b0020000000001010000100001000010000100000001000fe
000010f07d0e090000010100001000010000000100001000010000100000000000000101000010002202101000010000100000001000fe
000fe0f059040c8020000000101000010000100001000010000100022021010000100001000010000100001000010000100000001000fe
000010f07d0f07d000010000001000010000100001000000000000000000010000100001000010000100000001000010000000000000fe
000fe000fe000fe000fe000fe000fe000fe000fe000fe000fe000fe000fe000fe000fe000fe000fe000fe000fe000fe000fe000fe000fe
14,734,6,5,7
7,734,7,5,0
14,734,7,5,10
7,734,8,5,0
14,734,8,5,10
7,734,9,5,0
11,734,9,5,0
7,734,10,5,0
11,734,10,5,0
7,734,3,6,0
11,734,3,6,0
7,734,4,6,0
11,734,4,6,0
7,734,5,6,0
11,734,5,6,0
7,734,6,6,0
11,734,6,6,0
7,734,7,6,0
11,734,7,6,0
7,734,8,6,0
11,734,8,6,0
7,734,3,7,0
11,734,3,7,0
7,734,4,7,0
11,734,4,7,0
7,734,5,7,0
11,734,5,7,0
7,734,6,7,0
11,734,6,7,0
7,734,7,7,0
11,734,7,7,0
7,734,8,7,0
11,734,8,7,0
7,734,9,7,0
11,734,9,7,0
7,734,3,8,0
11,734,3,8,0
7,734,4,8,0
11,734,4,8,0
18,734,17,2,0
18,734,17,2,0
18,734,17,2,0
18,734,17,2,0
18,734,17,2,0
18,734,17,2,0
18,734,17,2,0
18,734,17,2,0
18,734,17,2,0
18,734,17,2,0
88,0,0,0,0
0>ホクリクホーム,707>0>45763：ホクリクホーム>もちろん可能です。この度のご購入を心よりお祝い申し上げます。早速、商品の輸送手続きを致します。>#800000
0>ホクリクホーム,707>0>45697：ホクリクホーム>貴国の巨大隕石災害について、哀悼の意を表明します。>#800000
0>ラ・フローリド共和国,662>0>45672：共和国財務院>50兆Va分の入金を実施致します。>
0>イスタシア臨時政権,725>0>45541：イスタシア政府代表>石材8億トンの件、承りました。来期輸送いたします。>#008B8B
0>神聖ガトーヴィチ帝国,272>0>45465：ガトーヴィチ商工貿易省>毎度ありがとうございます。来期に100兆Va相当を輸送いたします。>#A020F0
0>イスタシア臨時政権,725>0>45415：イスタシア政府代表>こちらも来期石材10億トンを輸送いたします。>#008B8B
0>民族自治軍管区ハルィチナー,635>0>45405：ハルィチナー人民代表>食肉50万輸入の件、承知致しました。次ターンに輸送しますので確認次第、対価の資金5兆をお願いします。>#D2691E
0>ホクリクホーム,707>0>45397：ホクリクホーム>この度は巨大隕石の災害に際して哀悼の意を賜わりまして心よりお礼申し上げます。両国の更なる友好と発展をお祈り致します。>#800000
0>民族自治軍管区ハルィチナー,635>0>45390：ハルィチナー人民代表>食肉のレートは標準レートで、食肉10万＝資金1兆になっています。定期輸出の余力は十分にございます。>#D2691E
0>イスタシア臨時政権,725>0>45385：イスタシア政府代表>石材10億トンにつきましては、必要量が確保次第是非取引をさせていただきます。>#008B8B
0>イスタシア臨時政権,725>0>45385：イスタシア政府代表>先の資金援助に対し感謝申し上げます。>#008B8B
0>民族自治軍管区ハルィチナー,635>0>45344：ハルィチナー人民代表>外交関係の成立に感謝しますと共に、記念して若干ながら食肉の無償援助を行います。>#D2691E
0>ラ・フローリド共和国,662>0>45337：共和国財務院>回答に感謝致します。追加の国債発行必要ならば、連絡ください。>
0>ルーンレシア帝国,680>0>45334：ルーンレシア外政府>友邦の帰還を歓迎する。国交の再開を要請する。>0000FF
0>タンファ王国,721>0>45325：タンファ王国外務省>この度は弔いの電報心より感謝いたします。同時期に指導者を失った同士今後の発展を祈って。>
707,77,2,45335



















