000fe000fe000fe000fe000fe000fe000fe000fe000fe000fe000fe000fe000fe000fe000fe000fe000fe000fe000fe000fe000fe000fe
000fe2201701000010651b0021b002160181e0c81601c220011b0021b002000001b0021b0021b0021e0c80803208032030be35054000fe
040d3280fa0f07d000001b0021b002160351e0c8160bd0a01400000000001b0021601d160181602708032080321e0c81e0c8030be000fe
000fe010000000100000000001b0021b0021a00122021280fa00000000001b002160181e0c81e0c808032080321100008032030be000fe
000000000108032080321b00200000030be030be040de270001b0021b002160c81e0c8040eb0f07d080320802808032080321b002000fe
000fe1b002080321e0c808032030be0e0791e0c82b001040c8100a0160181606c1e0c804010280fa040d70803208032080321e0c8000fe
1b00208032080321100008032040941c15e0400e040dc040c8030be030be030be2200a000000000000000280fa1e0c8280fa2201a000fe
000fe1b0020803208032080320000004074320d60400f2200d030be1e0c81e0c8030be22003000000000000000000001c15e00000000fe
1b00200000280fa080321c15e280fa0407304038040c8030be26057295dc1e0c80000100000010010000000000000000000000000000fe
000fe1b002280bd040871c15e1c15e27000040720408c280fa030be1e0c81e0c8030be00000000000000000000000000000000000000fe
000001b0021b0021c15e010001c15e1c15e16018280fa1c15e030be030be030be00001010001c15e0000000000000002201a20004000fe
000fe000001b0021b0021b00201000030be030be030be040e01c15e1c15e1c15e000010000101000030be01000000001c15e1e0c8000fe
1b0021b0020e032010001b0020408a280f90408b280fa040c8040c8280e60100000000010000100022035000001b002200001c15e000fe
000fe01000030be040da1c15e1b0021b002000011b0020d0771c15e0403700001000001b002000000000000000000001b0021b002000fe
1b0021b002220172b001010001b00222021010001b002010000100000000220320000000001040e8010000000022019010001b002000fe
000fe000001b0021b0021b0021b0022b001010002b0011b00200000010001b002000000a00a040c81c15e2a4500106501000280fa000fe
0000400000000000000000000000002b001010001b0020000100001000010000100000040d8280fa010651c15e280e1040c81b002000fe
000fe000000000000000000000000000000000001b002010000100001000010002809f280fa010000100001000040c8220071b002000fe
000000100001000000000000000000000040000021000010001c15e01000040391c15e0100001000040b802000220171b0021b002000fe
000fe0100001000010650000000000000000000007008000001b0021b0021b0020401b0800a010000f07d01000010001b0021b002000fe
0000001000010000100000000000000000000000000000000000000000001b0021b0020100000001000011b0021b0021b0021b002000fe
000fe000fe000fe000fe000fe000fe000fe000fe000fe000fe000fe000fe000fe000fe000fe000fe000fe000fe000fe000fe000fe000fe
42,725,7,18,0
87,725,7,6,0
42,725,7,18,0
42,725,7,18,0
42,725,7,18,0
42,725,7,18,0
42,725,7,18,0
42,725,7,18,0
42,725,7,18,0
42,725,7,18,0
42,725,7,18,0
42,725,7,18,0
42,725,7,18,0
42,725,7,18,0
42,725,7,18,0
42,725,7,18,0
42,725,7,18,0
18,725,3,20,0
18,725,3,20,0
83,725,7,3,0
4,725,13,11,0
21,725,7,3,1
21,725,7,3,1
88,0,0,0,0
88,0,0,0,0
88,0,0,0,0
88,0,0,0,0
88,0,0,0,0
88,0,0,0,0
88,0,0,0,0
88,0,0,0,0
88,0,0,0,0
88,0,0,0,0
88,0,0,0,0
88,0,0,0,0
88,0,0,0,0
88,0,0,0,0
88,0,0,0,0
88,0,0,0,0
88,0,0,0,0
88,0,0,0,0
88,0,0,0,0
88,0,0,0,0
88,0,0,0,0
88,0,0,0,0
88,0,0,0,0
88,0,0,0,0
88,0,0,0,0
88,0,0,0,0
88,0,0,0,0
0>トータエ社会主義人民共和国,734>0>45541：トータエ統治審議会>貴政府から石材8億トンを24兆Vaで輸入することは可能でしょうか。>#CD5C5C
0>トータエ統治機構,734>0>45415：トータエ統治審議会>前もって資金30兆Vaを送金します。>#CD5C5C
0>トータエ統治機構,734>0>45384：トータエ統治審議会>準備が整い次第、貴政府から石材10億を30兆Vaで輸入することは可能でしょうか。>#CD5C5C
0>トータエ統治機構,734>0>45336：トータエ統治審議会>貴政府に緊急で資金援助を実施します。>#CD5C5C
0>ルーンレシア帝国,680>0>45228：ルーンレシア外務省>貴地域の安定のため、支援金を送付する>0000FF
0>レゲロ社会主義人民共和国,667>0>44372：レゲロ外交通商部>44371期1232年7月上旬宣戦布告、44379期1232年9月下旬攻撃を通告する。>#32CD32
0>ルーンレシア帝国,680>0>44371：ルーンレシア外政府>攻撃開始時期は44379期1232年9月下旬とする。>0000FF
0>ルーンレシア帝国,680>0>44371：ルーンレシア外政府>イスタシア臨時政府に対し、44371期1232年7月上旬、宣戦を布告する。>0000FF
0>セニオリス連邦,634>0>44286：セニオリス外務省>貴国における臨時政府発足に祝意を表すると共に、早期復興を願い、次期に食肉を輸送致します。>#00BFFF
0>神聖ガトーヴィチ帝国,272>0>44104：ガトーヴィチ外政省>1227年1月に挙行される帝国建国八百周年記念式典に貴共同体貴賓を御招待いたします。御列席頂ける場合、御芳名をお知らせ下>#A020F0
0>レゲロ社会主義人民共和国,667>0>44044：レゲロ外交通商部>貴共同体内の反乱分子排除のための義勇兵派遣の用意がございます。>#32CD32
0>ラ・フローリド共和国,662>0>43591：共和国通商院>石材５億t購入したく思います。対価は食料１００億ｔでいかがでしょうか。ご検討下さい>
0>カルセドニー社会主義共和国,433>0>43272：共和国外交委員会>1203年に行われる、カルセドニー革命500周年記念式典に代表を招待いたします。出席の場合は氏名をご連絡ください。>#FF0000
0>ヴェニス・コンプレックス,728>0>42831：V.E.N.I.C.E.>貴国との国交関係の樹立を歓迎いたします。当システムと直通の外交用端末を送付いたしました。>0000FF
0>トータエ社会主義人民共和国,710>0>42673：トータエ外務省>石材の到着を確認しましたので送金します。>#CD5C5C
667,72,30,44695
721,72,10,44663


















