000fe000fe000fe000fe000fe000fe000fe000fe000fe000fe000fe000fe000fe000fe000fe000fe000fe000fe000fe000fe000fe000fe
000fe0000000000000000000000000000000000000000040620403d0407d0408a0405c0f07d040042b0010409f000002b00104080000fe
00005000000000000000000001b0020403a0000000000280fa280fa1c15e0404a030be030be0406c1b00204037030be000001b002000fe
000fe000001b0020000000000000000000000000000001b0020404c280fa1c15e04074030be030be030be030be030be040c800000000fe
0000000000000000000000000000000000000001000000403a0000004053280fa030be030be101901e0c8030be0405d0000000000000fe
000fe00000000000401100000000000402200000000000000004036280fa200012a4b01b002040542a46f08032360220403500000000fe
00000000000000004012000000401c00000000001b002000002b0010403d295dc1e0c8000001dbb81c15e101900402c1b002040c5000fe
000fe00000040482b00104006000000000000000040d7030be00000280fa22020260351b0021c15e1c15e040490403600001040d9000fe
00000000000403e04017040151c15e040ce280fa030be030be21000280fa1a003220040401c040530401a0401e280fa040c800000000fe
000fe000000000000000040cc1c15e2a4b01e0c8030be030be040ce04020280fa04026040310000104059040631c15e280fa2b001000fe
00000000000000000000040ca1c15e1dbb81b002030be220211e0c81c15e2200300000350541b00204099030be00000040cb00000000fe
000fe00000000000100000000000000000021000030be0406a160060409e1b00200000040c4280fa030be030be00000030be030be000fe
0000000000000000000000000000001b0020000000000040c9040261c15e030be040a3040c2030be0407d00000030be0000000000000fe
000fe000001b002030be040ca030be000000000004002040ce2b001040cb00001030be030be1c15e030be030be030be040c500000000fe
00000040d2030be00000030be030be040690408d2b0011b00200001040bf030be220001e0c820001030be040b0040af1b00200000000fe
000fe040cc030be0000100000000000000000000000000000000000030be030be030be1b0021c15e030be040b500001040ce00000000fe
040c81c15e000010000000000000001b00200000000000100400000000000407500000040bd040a7030be040b7000011c15e2b001000fe
000fe030be030be04085040810000004048040500408e000002700004095000010407100000280fa1b002030be030be030be040b4000fe
0f07d2b0010000000000000000000000000000000408f1b0020408c040c8040510000000000280fa0407e040b900000030be0f03a000fe
000fe040cc04088040580000000000000000100027000040901c15e1c15e040441b0020000022002280fa280fa280fa1b002040ac000fe
00000000000000000000000001b0020000000000000000409e0408c04080040490000000000040970407f040a2040aa280fa2b001000fe
000fe000fe000fe000fe000fe000fe000fe000fe000fe000fe000fe000fe000fe000fe000fe000fe000fe000fe000fe000fe000fe000fe
88,0,0,0,0
88,0,0,0,0
88,0,0,0,0
88,0,0,0,0
88,0,0,0,0
88,0,0,0,0
88,0,0,0,0
88,0,0,0,0
88,0,0,0,0
88,0,0,0,0
88,0,0,0,0
88,0,0,0,0
88,0,0,0,0
88,0,0,0,0
88,0,0,0,0
88,0,0,0,0
88,0,0,0,0
88,0,0,0,0
88,0,0,0,0
88,0,0,0,0
88,0,0,0,0
88,0,0,0,0
88,0,0,0,0
88,0,0,0,0
88,0,0,0,0
88,0,0,0,0
88,0,0,0,0
88,0,0,0,0
88,0,0,0,0
88,0,0,0,0
88,0,0,0,0
88,0,0,0,0
88,0,0,0,0
88,0,0,0,0
88,0,0,0,0
88,0,0,0,0
88,0,0,0,0
88,0,0,0,0
88,0,0,0,0
88,0,0,0,0
88,0,0,0,0
88,0,0,0,0
88,0,0,0,0
88,0,0,0,0
88,0,0,0,0
88,0,0,0,0
88,0,0,0,0
88,0,0,0,0
88,0,0,0,0
88,0,0,0,0
0>トータエ社会主義人民共和国,734>0>45758：トータエ外務省>貴国から商品60兆Va相当を石材8億トンを対価に購入することは可能でしょうか。>#CD5C5C
0>ラ・フローリド共和国,662>0>45679：共和国通商院>感謝申し上げます、次ターンに送金致します。>
0>ラ・フローリド共和国,662>0>45673：共和国通商院>石油10憶バレルを10兆Vaで購入したい。いかがか>
0>トータエ統治機構,734>0>45385：トータエ統治審議会>貴国の巨大隕石災害について、哀悼の意を表明します。>#CD5C5C
0>トータエ統治機構,734>0>45335：トータエ統治審議会>鉄鉱山の開発が無事完了したため、鉄の輸送を開始します。>#CD5C5C
0>トータエ統治機構,734>0>45318：トータエ統治審議会>つきましては、協定への署名をお願いいたします。>#CD5C5C
0>トータエ統治機構,734>0>45318：トータエ統治審議会>我が国は貴国との協定締結を決定しました。入札に参加していただきありがとうございます。>#CD5C5C
1>トータエ統治機構,734>0>45289：統治審議会>https://tanstaafl.tokyo/forums/topic/19943/>#CD5C5C
0>トータエ統治機構,734>0>45289：統治審議会>統治機構は国際会議場（フォーラム）にて入札を募っておりますので、よければそちらからよろしくお願いします。>#CD5C5C
0>トータエ統治機構,734>0>45289：統治審議会>貴国の支援提案を心より感謝いたします。>#CD5C5C
0>ラ・フローリド共和国,662>0>44575：共和国外務院>トップページから確認できる報道機関にて「エルカバーニャ紙」にて貴国のことを取り上げましたので、良かったらみてください>
0>ラ・フローリド共和国,662>0>44437：共和国外務院>直ちに、ウラン鉱山に対し鉱山整備を実施することを進言する。>
0>ラ・フローリド共和国,662>0>44407：共和国外務院>「ホクリク」地域の統治機構として、今後とも継続した関係構築を切に望みます。>
0>ラ・フローリド共和国,662>0>44407：共和国通商院>遅くなり申し訳ございません。燃料３億と資金12兆Va入力完了しました。ご確認ください>
0>ラ・フローリド共和国,662>0>44395：共和国通商院>銀5000を燃料3億ガロンでの購入し、のこり1万5000を資金12兆Vaにて購入したく提示します。>
734,71,200,45330
662,79,30,44404
662,79,10,44404

















