000fe000fe000fe000fe000fe000fe000fe000fe000fe000fe000fe000fe000fe000fe000fe000fe000fe000fe000fe000fe000fe000fe
000fe000000000000000000000000000000000001b002040d51b00200000040cf040da040cf040e0040c81b002000030000000000000fe
00000000000000000000000000000000000000000f01e0f07d040d2010000100001000040c8040e0040d4040de040d10000000000000fe
000fe0000000000040dc040d6000000000002000040e82b001040ce0100004037030881e0c81e0c81c15e040ce22019040e11b002000fe
000000000000000040da0000000000000000000022004160241e0c8030be1e0c8030be031dc295dc1e0c81c15e040c82809600000000fe
000fe00000000020000000000350ae1b002000001b0022b0012b0010e096030be1e0c81c15e1e0c8031f4040d71e0c80f06b040fa000fe
00000030be040f02b0011e0c81e0c822017220171c15e1a0021329b160151e0c80e0961e0c80e028080281e0c82a4b01e0c800000000fe
000fe000001e0c82b001040d81c15e040e722017160f012000040dd2200220000031f4220001c15e040dc1e0c81c15e0f07d1b002000fe
00000040de00000040df1e0c8040d719002160e41e0c82a4b01e0c82a4b01e0c8031541e0c8040d3220010e0961b00200000040d7000fe
000fe040eb00000040ef280960c0781c15e1e0c81e0c82a4b01e0c82a4b00c078101901e0c8160871e0c81608a040de040f800000000fe
00000000000000000000040cf040d7040de040d22a47e1608a04095040d81e0c82a451040d90c0781e0c8040d5040d80000000000000fe
000fe0000000000040c81b002000001b002000001e0c81e0c81c15e1e0c8031f4031f41e0c8040db1608a040d4000000000300000000fe
000001b00221001040e0000000000021001350ae040e30f07d16087031f41d4fc031f40e08d1e0c8040d91b002000000000000000000fe
000fe000001e0c81c15e220341b00200000040d11e0c81e0c81e0c81e0c8031f4031f41a0012a478040d30e090000000000000000000fe
000031c15e160c92a4702b0010000000000000001c15e160e2030ee1e0c82a4b01e0c8160841e0c8160e62200c1b0020000000000000fe
000fe040a81e0c8031f4031f4040d300000000001b00200000031771e0c81c15e1e0c82a481160cf0f07d1c15e040e60000000000000fe
040ce0c072031f41d733031f41e0c8000000000000000040d2000000317f040e81e0c81e0c81c15e1e0c8040d3000000000000000000fe
000fe040f02a470031f4031f41e0c80000000000000000000000003000000000000000000001b002040da00000000000000000000000fe
2200c101901e0c8160ff1e0c8030be00000000001b002000000000000000000000000000000000000000000000000000700500000000fe
000fe040d3220170e096040d51b002000000000000003000000000000000000000000000000000000000000000070050000400000000fe
040d71e0c8040d3200012b0010000000000000000000000000000000000000000000000000000000000000700a000000000000000000fe
000fe000fe000fe000fe000fe000fe000fe000fe000fe000fe000fe000fe000fe000fe000fe000fe000fe000fe000fe000fe000fe000fe
2,667,11,3,0
20,667,11,3,1
16,667,15,6,1
26,667,11,4,0
86,667,15,6,0
88,0,0,0,0
88,0,0,0,0
88,0,0,0,0
88,0,0,0,0
86,667,15,6,0
88,0,0,0,0
88,0,0,0,0
88,0,0,0,0
88,0,0,0,0
86,667,15,6,0
88,0,0,0,0
88,0,0,0,0
88,0,0,0,0
88,0,0,0,0
86,667,15,6,0
88,0,0,0,0
88,0,0,0,0
88,0,0,0,0
88,0,0,0,0
86,667,15,6,0
88,0,0,0,0
88,0,0,0,0
88,0,0,0,0
88,0,0,0,0
86,667,15,6,0
88,0,0,0,0
88,0,0,0,0
88,0,0,0,0
88,0,0,0,0
86,667,15,6,0
88,0,0,0,0
88,0,0,0,0
88,0,0,0,0
88,0,0,0,0
86,667,15,6,0
88,0,0,0,0
88,0,0,0,0
88,0,0,0,0
88,0,0,0,0
88,0,0,0,0
88,0,0,0,0
88,0,0,0,0
88,0,0,0,0
88,0,0,0,0
88,0,0,0,0
0>トータエ統治機構,734>0>45287：統治審議会>貴国の支援に心より感謝します。>#CD5C5C
0>石見共和国,735>0>45282：石見共和国外務省>貴国からの国交樹立のご提案を喜んで受諾いたします。また、食料輸出の交渉についても進めさせていただきたいと考えています。>
0>昭栄国,320>0>45117：昭栄国貿易庁>まず鉄鋼１０億トンを発送いたします>#808080
1>昭栄国,320>0>45057：昭栄国国防省>ところで、商品在庫が問題なければ一時的に重工業で砲弾製造を試されては？燃料消費は増えますが...>#808080
0>昭栄国,320>0>45057：昭栄国国防省>砲弾を受領いたしました。鉄の輸送についても要請があり次第行います。(量指定なければ10億トンずつ発送予定)>#808080
0>昭栄国,320>0>45038：昭栄国国防省>分割払いを前提として30億トンでどうでしょうか？発送はそちらの求めに応じて行います。>#808080
0>昭栄国,320>0>45027：昭栄国国防省>１０万メガトンお願いしたいんですが、鉄に対してレートはどれくらいでしょうか？>#808080
0>昭栄国,320>0>45011：昭栄国貿易庁>鉄を対価に砲弾を購入出来ないでしょうか？>#808080
0>神聖ガトーヴィチ帝国,272>0>44104：ガトーヴィチ外政省>1227年1月に挙行される帝国建国八百周年記念式典に貴国貴賓を御招待いたします。御列席頂ける場合、御芳名をお知らせ下さい>#A020F0
0>カルセドニー社会主義共和国,433>0>43271：共和国外交委員会>1203年に行われる、カルセドニー革命500周年記念式典に代表を招待いたします。出席の場合は氏名をご連絡ください。>#FF0000
0>ルーンレシア帝国,680>0>42774：ルーンレシア外務省>貴国の軍事衛星打ち上げに祝意を表します>0000FF
0>神聖ガトーヴィチ帝国,272>0>42657：ガトーヴィチ商工貿易省>ご快諾に感謝いたします。確かに受領いたしました。来期に対価を輸送いたします>#A020F0
0>神聖ガトーヴィチ帝国,272>0>42656：ガトーヴィチ商工貿易省>ありがとうございます。それでは対価を資金20兆Va+鋼鉄2億t+石油4億バレルでいかがでしょうか。>#A020F0
0>神聖ガトーヴィチ帝国,272>0>42624：ガトーヴィチ商工貿易省>貴国より燃料30億ガロンを資金30兆Vaで輸入させていただけないでしょうか。ご検討頂けるとさいわいです>#A020F0
0>レゴリス帝国,232>0>42603：レゴリス帝国外務省>永きにわたる両国の無国交状態を是正する為、両国間に於ける国交関係の解説を提案致します。>#32CD32
680,81,160,45473
735,71,200,45287
725,71,120,44695
232,73,200,44441
232,73,600,44441
680,71,100,43991
433,73,600,43894
640,81,100,43471
680,73,600,42541
440,71,20,42298
662,71,30,41544
433,73,250,41438
640,73,300,41348
663,71,40,41008
433,73,600,40542
638,71,20,36145




