000fe000fe000fe000fe000fe000fe000fe000fe000fe000fe000fe000fe000fe000fe000fe000fe000fe000fe000fe000fe000fe000fe
000fe0000001000010000100001000000000100001000010000100001000000000000100001000010000000000000000000000000000fe
0000001000010000100001000000000100001000010000100001000000000405a0405604058040570000100000000000000000000000fe
000fe00001010000100001000000010700a0100001000000010000100001040830408404082040810405500001000000000000000000fe
0000001000010000000100001000010000100001000010000104050040800407f0407e0407d0407c0405400001000000000000000000fe
000fe0100001000000010404f0404e0404d0404c0404b0404a0407b16000040790407804077040760407504053000010000000000000fe
000000700a00001040a1040a00409f0409d040ad040a40d06e04074040730407204071040700406f0406e04052000010000000000000fe
000fe00001000010409e0409b0409a040a5040ab040ac040c80406d0406c0406b0406a04069100780406704066040510000000000000fe
0000100001000010409804097040a3040960409504094030be030be030be030be040a904037040650406404062000010000000000000fe
000fe0000000000040930408c040a20f07d0f071030be030be040c8030be030be030be030be040630406104060000010000000000000fe
00000000000408d04085040ae040af0f07d040c8030be030be030be030be040c8030be030be0405f0405e00001000000000000000000fe
000fe0000000001010000100001000010000100000000030be040c8030be030be030be040c80405d0405c04036000010000000000000fe
0000000000000010000101000010000100001000030be040c8030be030be030be0405b04035200000403400001000000000000000000fe
000fe000000000000001000010100001000010000100022021030be00001330ae0403304032200000403104030000010000000000000fe
0000000001000010000100001010000100001000010000000100001000010402f0402e0402d01000010001b002000000000000000000fe
000fe0100001000010000100000001010000100001000010000000001000010000100001000000010000100001000000000000000000fe
350540000101000010000100000001000010000101000010000100001000000010000100001000000000000000000000000000000000fe
000fe00001000010000101000010000000100001000010100000001000011b0020000000000000002700000001000000000000000000fe
00001010000e064000010100001000010000000100001000010000100000000000000101000270000100000001000000000000000000fe
000fe0100004049010000000101000010000100001000010000100001000010000100001000010002700001000000010000000000000fe
000010100001000000010000001000010000100001000000000000000000010000100001000010002700001000000000000000000000fe
000fe000fe000fe000fe000fe000fe000fe000fe000fe000fe000fe000fe000fe000fe000fe000fe000fe000fe000fe000fe000fe000fe
88,0,0,0,0
88,0,0,0,0
88,0,0,0,0
88,0,0,0,0
88,0,0,0,0
88,0,0,0,0
88,0,0,0,0
88,0,0,0,0
88,0,0,0,0
88,0,0,0,0
88,0,0,0,0
88,0,0,0,0
88,0,0,0,0
88,0,0,0,0
88,0,0,0,0
88,0,0,0,0
88,0,0,0,0
88,0,0,0,0
88,0,0,0,0
88,0,0,0,0
88,0,0,0,0
88,0,0,0,0
88,0,0,0,0
88,0,0,0,0
88,0,0,0,0
88,0,0,0,0
88,0,0,0,0
88,0,0,0,0
88,0,0,0,0
88,0,0,0,0
88,0,0,0,0
88,0,0,0,0
88,0,0,0,0
88,0,0,0,0
88,0,0,0,0
88,0,0,0,0
88,0,0,0,0
88,0,0,0,0
88,0,0,0,0
88,0,0,0,0
88,0,0,0,0
88,0,0,0,0
88,0,0,0,0
88,0,0,0,0
88,0,0,0,0
88,0,0,0,0
88,0,0,0,0
88,0,0,0,0
88,0,0,0,0
88,0,0,0,0
0>イスタシア臨時政権,725>0>45415：イスタシア政府代表>こちらも来期石材10億トンを輸送いたします。>#008B8B
0>民族自治軍管区ハルィチナー,635>0>45405：ハルィチナー人民代表>食肉50万輸入の件、承知致しました。次ターンに輸送しますので確認次第、対価の資金5兆をお願いします。>#D2691E
0>ホクリクホーム,707>0>45397：ホクリクホーム>この度は巨大隕石の災害に際して哀悼の意を賜わりまして心よりお礼申し上げます。両国の更なる友好と発展をお祈り致します。>#800000
0>民族自治軍管区ハルィチナー,635>0>45390：ハルィチナー人民代表>食肉のレートは標準レートで、食肉10万＝資金1兆になっています。定期輸出の余力は十分にございます。>#D2691E
0>イスタシア臨時政権,725>0>45385：イスタシア政府代表>石材10億トンにつきましては、必要量が確保次第是非取引をさせていただきます。>#008B8B
0>イスタシア臨時政権,725>0>45385：イスタシア政府代表>先の資金援助に対し感謝申し上げます。>#008B8B
0>民族自治軍管区ハルィチナー,635>0>45344：ハルィチナー人民代表>外交関係の成立に感謝しますと共に、記念して若干ながら食肉の無償援助を行います。>#D2691E
0>ラ・フローリド共和国,662>0>45337：共和国財務院>回答に感謝致します。追加の国債発行必要ならば、連絡ください。>
0>ルーンレシア帝国,680>0>45334：ルーンレシア外政府>友邦の帰還を歓迎する。国交の再開を要請する。>0000FF
0>タンファ王国,721>0>45325：タンファ王国外務省>この度は弔いの電報心より感謝いたします。同時期に指導者を失った同士今後の発展を祈って。>
0>ホクリクホーム,707>0>45319：ホクリクホーム>国際会議場（フォーラム）にて協定への署名をさせていただきました。早速、援助物資の建材輸送及び定期送金の準備に入ります。>#800000
0>ラ・フローリド共和国,662>0>45317：共和国財務院>引き継がないならば、新規発行のひとつのリスクとして捉える。>
0>ラ・フローリド共和国,662>0>45317：共和国財務院>発行主体を引き継ぐものであるか照会したい。引き継ぐと明言するならば、追加の国債の引受も検討可能であるが、>
0>ラ・フローリド共和国,662>0>45317：共和国財務院>共和国財務院が保有する旧トータエ社会主義共和国政府発行国債40兆Vaについて貴政府が引き続き>
0>>1>45312：記録>45312期 1258年 8月下旬、カリヌニコフ主席審議官死亡。後継としてアプリコフ氏が就任。>#808080
707,77,2,45335



















