000fe000fe000fe000fe000fe000fe000fe000fe000fe000fe000fe000fe000fe000fe000fe000fe000fe000fe000fe000fe000fe000fe
000fe0000000000000000000000000000000000000000000000000000000000000000000000000000000000000000000000000000000fe
000000000000000000000000000000000000000000000000000000100001000010000000000000000000000000000000000000000000fe
000fe0000000000000000000000000000000000000000000010000101000010000100000001000000000000000000000000000000000fe
000000000000000000000000000000000010000101000010000100001000010000100000001000000000000000000000000000000000fe
000fe0000000000000000000000001010000100001000010000100001000040330100001000010000000100000000000000000000000fe
000000000000000000000000101000010000100001000040340100008032010000100001000010000000100000000000000000000000fe
000fe00000000000000000000010000100004035010000100001000030be030be0100004032010000100001000000010000000000000fe
0000000000000000000000001010000100001000030be030be0309e0408f030be0309601000010000100001000000010000000000000fe
000fe000000000000000000010100001000010000307204096030aa3200b030be030be03069010000403101000010000000000000000fe
0000000000000000000001000010000403608032030be030af030be030be030be0408d030be010000100001000000010000000000000fe
000fe00000000000000000001010000100001000030be030be030be0406f030be030be030be010000100001000000010000000000000fe
00000000000000000001010000100001000030be04094030be030be030be030be030be08032040300100001000000000000000000000fe
000fe00000000000000001000010000403710028030be04014030be030be030be04091030be010000100001000000010000000000000fe
000000000000000000010100001000010000100001000030be0409234085040130d03201000010000100000001000000000000000000fe
000fe000000000000000000010100001000010000403801000030be030be0100001000010000402f0100001000000000000000000000fe
0000000000000000000000001000010100001000010000100001000010000402e0100001000010000100000001000000000000000000fe
000fe0000000000000000000000000000010100001000010000402d01000010000100001000010000100000001000000000000000000fe
000000000000000000000000000000000000000101000010000100001000010000100000001000010000000000000000000000000000fe
000fe0000000000000000000000000000000000000001010000100001000000010000100000000000000000000000000000000000000fe
000000000000000000000000000000000000000000001000010000000000000000000000000000000000000000000000000000000000fe
000fe000fe000fe000fe000fe000fe000fe000fe000fe000fe000fe000fe000fe000fe000fe000fe000fe000fe000fe000fe000fe000fe
88,0,0,0,0
88,0,0,0,0
88,0,0,0,0
88,0,0,0,0
88,0,0,0,0
88,0,0,0,0
88,0,0,0,0
88,0,0,0,0
88,0,0,0,0
88,0,0,0,0
88,0,0,0,0
88,0,0,0,0
88,0,0,0,0
88,0,0,0,0
88,0,0,0,0
88,0,0,0,0
88,0,0,0,0
88,0,0,0,0
88,0,0,0,0
88,0,0,0,0
88,0,0,0,0
88,0,0,0,0
88,0,0,0,0
88,0,0,0,0
88,0,0,0,0
88,0,0,0,0
88,0,0,0,0
88,0,0,0,0
88,0,0,0,0
88,0,0,0,0
88,0,0,0,0
88,0,0,0,0
88,0,0,0,0
88,0,0,0,0
88,0,0,0,0
88,0,0,0,0
88,0,0,0,0
88,0,0,0,0
88,0,0,0,0
88,0,0,0,0
88,0,0,0,0
88,0,0,0,0
88,0,0,0,0
88,0,0,0,0
88,0,0,0,0
88,0,0,0,0
88,0,0,0,0
88,0,0,0,0
88,0,0,0,0
88,0,0,0,0
0>トータエ統治機構,734>0>45421：トータエ統治審議会>貴国に食肉を支援します。>#CD5C5C
0>レゲロ社会主義人民共和国,667>0>45287：レゲロ外交通商部>10兆の定期供与に訂正させていただきます。必要に応じて協力は協議させていただくので食料供給力の強化をお願いいたします。>#32CD32
0>レゲロ社会主義人民共和国,667>0>45287：レゲロ外交通商部>30兆vaの定期供与と、約50兆相当の臨時供与を実施させていただきたいと思います。>#32CD32
0>レゲロ社会主義人民共和国,667>0>45287：レゲロ外交通商部>貴国のご返答に感謝致します。まずは貴国の発展に必要な開発援助を実施したいと考えます。>#32CD32
0>トータエ統治機構,734>0>45284：統治審議会>貴国との国交樹立を歓迎し、承認します。>#808080
0>レゲロ社会主義人民共和国,667>0>45272：レゲロ外交通商部>貴国の食料増産を以て、資金供与額に見合った食料の出荷に移行し食料購入契約に移行する提案をさせていただきたい。>#32CD32
0>レゲロ社会主義人民共和国,667>0>45272：レゲロ外交通商部>貴国との国交樹立及び食料輸入交渉を行いたいと思います。まず我々は無償による資金供与を行い、>#32CD32
0>民族自治軍管区ハルィチナー,635>0>45236：ハルィチナー人民代表>弊軍管区は貴国との間に外交関係の樹立を提案させて頂きます。>#D2691E
1>ヴェールヌイ社会主義共和国,640>0>45216：共和国外務省>建国おめでとうございます。開発に支援が必要であれば用意がございますので、気兼ねなくご相談ください。>87CEEB
0>>0>>
0>>0>>
0>>0>>
0>>0>>
0>>0>>
0>>0>>




















