000fe000fe000fe000fe000fe000fe000fe000fe000fe000fe000fe000fe000fe000fe000fe000fe000fe000fe000fe000fe000fe000fe
000fe0000500000000000000000000000000000000000040b00409a040bb280fa0407e030be040562b00104036000002b001040b9000fe
00000000000000000000000001b002040ad0000000000280fa280fa1c15e030be030be030be040b81b002040af030be000001b002000fe
000fe000001b0020000000000000000000000000000001b002040ab280fa1c15e040b6030be030be030be030be030be0405100000000fe
000000000000005000000000000000000000000000000040a300000040a5280fa030be030be101901e0c8030be040a80000000000000fe
000fe00000000000405f000000000004064000000000000000040a1280fa200012a4b01b002040962a4b008032360540409400000000fe
00000000000000004055000000406100000000001b002000002b00104093295dc1e0c8000001dbb81c15e101900409d1b00204069000fe
000fe000000408c2b0010407700000000000000004066030be00000280fa22020260351b0021c15e1c15e040910408b0000104014000fe
0000000001040800408f040851c15e04053280fa030be030be21000280fa1a00322004040730408e040c6040c2280fa0407500000000fe
000fe000000000100001040881c15e2a4b01e0c8030be030be0406d04068280fa0406f0407100001040bf040b41c15e280fa2b001000fe
000000000000001000010409e1c15e1dbb81b002030be220211e0c81c15e2200300000350861b00204016030be000000401200000000fe
000fe00000000000700400000000000000021000030be040c816006040351b0020000004076280fa030be030be00000030be030be000fe
0000000000000000000000000000001b0020000000000040490408a1c15e030be0401b04079030be0401800000030be0000000000000fe
000fe000001b002030be0404f030be000000000004045040472b0010408700001030be030be1c15e030be030be030be0407c00000000fe
000000404d030be00000030be030be040c8040322b001000000000104031030be220001e0c820001030be0401d0401e1b00200000000fe
000fe0406b030be0000100000000000000000000000000000000000030be030be030be1b0021c15e030be04027000010407d00000000fe
040431c15e000010000000000000001b0020000000000010040000000000040c400000040290401a030be04023000011c15e2b001000fe
000fe030be030be0400d0400600000040b3040b2040040000027000040c800001040c500000280fa1b002030be030be030be04024000fe
040522b001000000000000000000000000000000040c81b002040c804082040c80000000000280fa040be0402b00000030be030be000fe
000fe0403f04084040830000000000000000100027000040021c15e1c15e040051b0020000022002280fa280fa280fa1b00204025000fe
00000000000000000000000001b0020000000000000000400b0400c0400904008000000000004010040c10402f0402d280fa2b001000fe
000fe000fe000fe000fe000fe000fe000fe000fe000fe000fe000fe000fe000fe000fe000fe000fe000fe000fe000fe000fe000fe000fe
88,0,0,0,0
7,707,8,18,1
11,707,8,18,1
7,707,0,18,1
16,707,0,18,2
7,707,11,17,1
11,707,11,17,1
88,0,0,0,0
88,0,0,0,0
88,0,0,0,0
88,0,0,0,0
88,0,0,0,0
88,0,0,0,0
88,0,0,0,0
88,0,0,0,0
88,0,0,0,0
88,0,0,0,0
88,0,0,0,0
88,0,0,0,0
88,0,0,0,0
88,0,0,0,0
88,0,0,0,0
88,0,0,0,0
88,0,0,0,0
88,0,0,0,0
88,0,0,0,0
88,0,0,0,0
88,0,0,0,0
88,0,0,0,0
88,0,0,0,0
88,0,0,0,0
88,0,0,0,0
88,0,0,0,0
88,0,0,0,0
88,0,0,0,0
88,0,0,0,0
88,0,0,0,0
88,0,0,0,0
88,0,0,0,0
88,0,0,0,0
88,0,0,0,0
88,0,0,0,0
88,0,0,0,0
88,0,0,0,0
88,0,0,0,0
88,0,0,0,0
88,0,0,0,0
88,0,0,0,0
88,0,0,0,0
88,0,0,0,0
0>トータエ統治機構,734>0>45385：トータエ統治審議会>貴国の巨大隕石災害について、哀悼の意を表明します。>#CD5C5C
0>トータエ統治機構,734>0>45335：トータエ統治審議会>鉄鉱山の開発が無事完了したため、鉄の輸送を開始します。>#CD5C5C
0>トータエ統治機構,734>0>45318：トータエ統治審議会>つきましては、協定への署名をお願いいたします。>#CD5C5C
0>トータエ統治機構,734>0>45318：トータエ統治審議会>我が国は貴国との協定締結を決定しました。入札に参加していただきありがとうございます。>#CD5C5C
1>トータエ統治機構,734>0>45289：統治審議会>https://tanstaafl.tokyo/forums/topic/19943/>#CD5C5C
0>トータエ統治機構,734>0>45289：統治審議会>統治機構は国際会議場（フォーラム）にて入札を募っておりますので、よければそちらからよろしくお願いします。>#CD5C5C
0>トータエ統治機構,734>0>45289：統治審議会>貴国の支援提案を心より感謝いたします。>#CD5C5C
0>ラ・フローリド共和国,662>0>44575：共和国外務院>トップページから確認できる報道機関にて「エルカバーニャ紙」にて貴国のことを取り上げましたので、良かったらみてください>
0>ラ・フローリド共和国,662>0>44437：共和国外務院>直ちに、ウラン鉱山に対し鉱山整備を実施することを進言する。>
0>ラ・フローリド共和国,662>0>44407：共和国外務院>「ホクリク」地域の統治機構として、今後とも継続した関係構築を切に望みます。>
0>ラ・フローリド共和国,662>0>44407：共和国通商院>遅くなり申し訳ございません。燃料３億と資金12兆Va入力完了しました。ご確認ください>
0>ラ・フローリド共和国,662>0>44395：共和国通商院>銀5000を燃料3億ガロンでの購入し、のこり1万5000を資金12兆Vaにて購入したく提示します。>
0>ラ・フローリド共和国,662>0>44389：共和国通商院>銀2万t可能な件、感謝します。燃料との放出は正直難しく、資金での取引（条件は提示した内容）は可能でしょうか>
0>ラ・フローリド共和国,662>0>44377：共和国通商院>燃料の場合はどのようなレートを希望しますか>
0>ラ・フローリド共和国,662>0>44377：共和国通商院>貴国の返答に感謝する。銀2万tの定期輸送を希望するが、対価は資金を希望(1万あたり8兆Va）いかがか。>
734,71,200,45330
662,79,30,44404
662,79,10,44404

















