000fe000fe000fe000fe000fe000fe000fe000fe000fe000fe000fe000fe000fe000fe000fe000fe000fe000fe000fe000fe000fe000fe
000fe1b0021b0021b0021b00200000000000000000000000000000000000000000000000000000000000000000000000000000000000fe
1b0022200a031f41e0c81606c1b002000000000000000000000000000000000000000000000000000000000000000000000000000000fe
000fe1b002031f41dbb8031f420000000001b0021b0021b0020000000000000000000000000000000000000000000000000000000000fe
1b0021606c1e0c8031f41e0c8000001b002280fa280fa1b0021b0021b0021b0020000000000000000000000000000000000000000000fe
000fe1b0021e0c8031f42200221001280fa000001e0c8280fa280fa280fa010001b00200000000000000000000000000000000000000fe
1b002031f41dbb8031f41606c1e0c81e0c801000220171e0c8031f41e0c8280fa1b0021b002000000000000000000000000000000000fe
000fe1b002031f41e0c81606c1e0c8031f41dbb8031f41e0c8031f41dbb8031f400000010001b0021b0021b002000000000000000000fe
1b0021e0c81606c2200a1e0c81606c031f41e0c81606c1606c1e0c8031f41e0c800000280fa01000010001b0021b0020000000000000fe
000fe1b002220070f07d1e0c81606c22007260241e0c81e0c8220071e0c8350161e0c8031f41e0c8280fa1606c1606c000001b002000fe
1b0021e0c80f07d0f07d010001606c1e0c81e0c83501722007220071e0c8031f41dbb8031f41e0c8080321e0c800000000001b002000fe
000fe1b0020f07d1e0c8220171e0c8010002200a1e0c81e0c81e0c8031f41e0c8031f41e0c8080320803208032080321e0c81b002000fe
1b0021e0c80f07d0f07d010001606c1e0c8031f41e0c822017031f41dba2031f41606c0803200000110001e0c8080321606c1b002000fe
000fe1b002220070f07d1e0c81606c22007031f4295dc1e0c81e0c81e0c8000001e0c81e0c8080320803208032080321e0c81b002000fe
1b0022b0011e0c81e0c81606c1e0c82b0011e0c801000010000100001000010001606c200001e0c808032080321606c1b00200000000fe
000fe1b0021606c1e0c8080321e0c8160691e0c8010000000100000000001b00216069160691e0c81c15e1e0c8220032b0011b002000fe
1b0022b001080320803208032080322b001010000000100000000001b002280fa1e0c81c15e031f4031f400000010001b00200000000fe
000fe1b002080321e0c81100008032080322200a010000000000000000001b002160691c15e1e0c81dbb80000001000010001b002000fe
1b0022b001080320803208032080322b001160691b002000000000000000210001e0c81c15e031f4031f401000010001b00200000000fe
000fe1b002220011e0c8080321e0c8220021e0c81b0020000000000000001b002280fa280fa1e0c81c15e1e0c8220041b00200000000fe
000001b0021b0021b0021b0021b0021b0021b002000000000000000000001b0021b0021b0021b0021b0021b0021b0020000000000000fe
000fe000fe000fe000fe000fe000fe000fe000fe000fe000fe000fe000fe000fe000fe000fe000fe000fe000fe000fe000fe000fe000fe
88,0,0,0,0
88,0,0,0,0
88,0,0,0,0
88,0,0,0,0
88,0,0,0,0
88,0,0,0,0
88,0,0,0,0
88,0,0,0,0
88,0,0,0,0
88,0,0,0,0
88,0,0,0,0
88,0,0,0,0
88,0,0,0,0
88,0,0,0,0
88,0,0,0,0
88,0,0,0,0
88,0,0,0,0
88,0,0,0,0
88,0,0,0,0
88,0,0,0,0
88,0,0,0,0
88,0,0,0,0
88,0,0,0,0
88,0,0,0,0
88,0,0,0,0
88,0,0,0,0
88,0,0,0,0
88,0,0,0,0
88,0,0,0,0
88,0,0,0,0
88,0,0,0,0
88,0,0,0,0
88,0,0,0,0
88,0,0,0,0
88,0,0,0,0
88,0,0,0,0
88,0,0,0,0
88,0,0,0,0
88,0,0,0,0
88,0,0,0,0
88,0,0,0,0
88,0,0,0,0
88,0,0,0,0
88,0,0,0,0
88,0,0,0,0
88,0,0,0,0
88,0,0,0,0
88,0,0,0,0
88,0,0,0,0
88,0,0,0,0
0>ルーンレシア帝国,680>0>44821：ルーンレシア外政府>講和条約締結に伴い、戦争状態は終了致しましたので貿易再開を求めます。>0000FF
0>ルーンレシア帝国,680>0>44374：ルーンレシア外政府>貿易停止について承知致しました。>0000FF
0>神聖ガトーヴィチ帝国,272>0>44104：ガトーヴィチ外政省>1227年1月に挙行される帝国建国八百周年記念式典に貴国貴賓を御招待いたします。御列席頂ける場合、御芳名をお知らせ下さい>#A020F0
0>カルセドニー社会主義共和国,433>0>43271：共和国外交委員会>1203年に行われる、カルセドニー革命500周年記念式典に代表を招待いたします。出席の場合は氏名をご連絡ください。>#FF0000
0>民族自治軍管区ハルィチナー,635>0>42795：ハルィチナー人民代表>打診頂いた建材輸出の件ですが、建材10億と資金20兆の取引を希望します。次ターンに輸送します。>#D2691E
0>リブル民主共和国,647>0>42627：国務総理代行>今後、両国が友好的な関係を構築できるよう望みます。>
0>カルセドニー社会主義共和国,433>0>42576：共和国外交委員会>貴国からのお悔やみに心より感謝申し上げます。 >#FF0000
0>>0>>
0>>0>>
0>>0>>
0>>0>>
0>>0>>
0>>0>>
0>>0>>
0>>0>>
680,81,100,45374
433,72,20,41006
590,71,240,38852
590,72,20,37916
590,81,100,37682















