000fe000fe000fe000fe000fe000fe000fe000fe000fe000fe000fe000fe000fe000fe000fe000fe000fe000fe000fe000fe000fe000fe
000fe0000000000000000000000000000000d0640a004000000a00c280fa00000000000000000000040c71c15e000000000000000000fe
00000000000000000000000000000000000040c80a00c0a00c040c8000000000000000000002201a270001a003000000000000000000fe
000fe000002b0012a4b01e0c8000000000000000280fa2b0011c15e00000000000000000000000001600327000220170000000000000fe
0000000000031f42a4922a4b00000000000000000000000000000000000000000000000000000000280f9040c8000000000000000000fe
000fe000001e0c81da3c1e0c800000000000000000000000000000000000000000000000000000000000000000000000000000000000fe
0000000000031f4031f42b0010000000000000001e0c8031f42b00100000000000000000000000000000000000000000000000000000fe
000fe00000000000000000000000000000000000210001dbb82000022035000000000000000000000000000000000000000000000000fe
0000000000000000000000000000000000000000031f4040c8280fa00000000000000000000000000000000000000000000000000000fe
000fe0000000000000000000000000000000000000000000000000000000000000000000000000000000000000000000000000000000fe
00000000001c15e1c15e0000000000000000000000000280fa280fa040a0280fa0000000000000000000000000000000000000000000fe
000fe000001c15e040c620000000000000000000000000409f2700027000101902b00100000000000000000000000000000000000000fe
00000000001c15e280fa00000000000000000000280fa27000350d627000220011c15e00000000000000000000000000000000000000fe
000fe00000000000000000000000000000000000000001a00327000220212700027000280fa000000000000000000000000000000000fe
000000000000000000000000000000000000000000000031f429ffa27000350d6270000409d000000000000000000000000000000000fe
000fe0000000000000000000000000000000000000000000000409e2603e27000270001e0c8000000000000000000000000000000000fe
000000000000000000000000000000000000000000000000002b001280fa2200a1dbb800000000000000000000000000000000000000fe
000fe0000000000000000000000000000000000000000000000000000000000000000000000000000000007001000000000000000000fe
00000000000000000000000000000000000000000000000000000000000000000000001a0030e0640000000000000000000000000000fe
000fe00000000000000000000000000000000000000000000000000000000000000000000000409a0000000000000000000000000000fe
00000000000000000000000000000000000000000000000000000000000000000000001c15e101900000000000000000000000000000fe
000fe000fe000fe000fe000fe000fe000fe000fe000fe000fe000fe000fe000fe000fe000fe000fe000fe000fe000fe000fe000fe000fe
88,0,0,0,0
88,0,0,0,0
88,0,0,0,0
88,0,0,0,0
88,0,0,0,0
88,0,0,0,0
88,0,0,0,0
88,0,0,0,0
88,0,0,0,0
88,0,0,0,0
88,0,0,0,0
88,0,0,0,0
88,0,0,0,0
88,0,0,0,0
88,0,0,0,0
88,0,0,0,0
88,0,0,0,0
88,0,0,0,0
88,0,0,0,0
88,0,0,0,0
88,0,0,0,0
88,0,0,0,0
88,0,0,0,0
88,0,0,0,0
88,0,0,0,0
88,0,0,0,0
88,0,0,0,0
88,0,0,0,0
88,0,0,0,0
88,0,0,0,0
88,0,0,0,0
88,0,0,0,0
88,0,0,0,0
88,0,0,0,0
88,0,0,0,0
88,0,0,0,0
88,0,0,0,0
88,0,0,0,0
88,0,0,0,0
88,0,0,0,0
88,0,0,0,0
88,0,0,0,0
88,0,0,0,0
88,0,0,0,0
88,0,0,0,0
88,0,0,0,0
88,0,0,0,0
88,0,0,0,0
88,0,0,0,0
88,0,0,0,0
0>ヴェールヌイ社会主義共和国,640>0>44250：在岳・ヴェールヌイ大使館>先の巨大隕石災害の被害が比較的小規模であったことに安堵しております。お見舞いとして建材をお送りします。>87CEEB
0>神聖ガトーヴィチ帝国,272>0>44104：ガトーヴィチ外政省>1227年1月に挙行される帝国建国八百周年記念式典に貴国貴賓を御招待いたします。御列席頂ける場合、御芳名をお知らせ下さい>#A020F0
0>カルセドニー社会主義共和国,433>0>43272：共和国外交委員会>1203年に行われる、カルセドニー革命500周年記念式典に代表を招待いたします。出席の場合は氏名をご連絡ください。>#FF0000
0>カルセドニー社会主義共和国,433>0>43111：共和国外交委員会>貴国からの事前許可に基づき、次期に(910)地点の反乱軍に対して衛星レーザー攻撃を実施します。>#FF0000
0>トータエ社会主義人民共和国,710>0>42828：トータエ外務省>貴国の政府成立を受け、正式な国交樹立を求めます。>#CD5C5C
0>ルーンレシア帝国,680>0>42599：ルーンレシア外務省>貴国との国交樹立を要求いたします>0000FF
0>トータエ社会主義人民共和国,710>0>42536：トータエ外務省>貴地域から燃料6億ガロンを資金6兆Vaで定期購入することは可能でしょうか。>#CD5C5C
0>トータエ社会主義人民共和国,710>0>42338：トータエ外務省>貴地域の国際社会への復帰を心より祝福し、次期に資金を援助します。>#CD5C5C
0>タンファ王国,721>0>42319：タンファ王国外務省>貴国の再建心よりご祝福申し上げます。両国の永遠の繁栄と栄光をお祈りいたします。>
0>>0>>
0>>0>>
0>>0>>
0>>0>>
0>>0>>
0>>0>>
662,71,80,44695
433,81,100,42824
640,81,400,42824

















