000fe000fe000fe000fe000fe000fe000fe000fe000fe000fe000fe000fe000fe000fe000fe000fe000fe000fe000fe000fe000fe000fe
000fe000000000300000000000000000000000001b002040cc0000000000040ac040d6040cc040da040d81b002000030000000000000fe
00000000000000000000000000000000000000000f07d0f07d040d11e0c8040f0040d6040eb040d8040d1040d6040d00000000000000fe
000fe0000000000040d6040cc000000000002000040e72b001040ae000000e0970e08f1e0c81e0c81c15e040ca22019040da1b002000fe
000000000000000040d40000000000000000000022004040ce040d4040e8040d01c15e2a4b0295dc1e0c81c15e0408c2809600000000fe
000fe00000000000000200000350ae1b002000001b0022b0012b001040cc160f11e0c80e08f1e0c8031f4040ce1e0c80f07d040fa000fe
00000030be040ee2b0011e0c81e0c822017220171c15e1a0021329b040d4040d8031761e0c80e091080281e0c82a4b01e0c800000000fe
000fe000001e0c82b001040d51c15e040df22017160f012000040d82200220000031f4220001c15e040d41e0c81c15e0f07d1b002000fe
00000040d900000040d61e0c8040d519002160e41e0c82a4b01e0c82a4b01e0c8031c41e0c8040cf220010e0961b00200000040ce000fe
000fe040e600000040eb280960c0781c15e1e0c81e0c82a4b01e0c82a4b00c078101901e0c81606f1e0c816075040d5040f700000000fe
00000000000000300000040c9040cf040da040cf2a4b01606f040cf040d71e0c82a4b0040d40c0781e0c8040d4040d30000000000000fe
000fe0000000000040dc1b002000001b002000001e0c81e0c81c15e1e0c8031f4031f41e0c8040da1604e040ca000000000000000000fe
000001b00221001040d700000000002100135139040dc0f07d1606f031f41d5c7031f40e08d1e0c8040d31b002000000000000003000fe
000fe000001e0c81c15e220341b00200000040c81e0c81e0c81e0c81e0c8031f4031f41a0012a4b0040d10e094000000000000000000fe
000001c15e160c92a4b02b0010000000000000001c15e160e2030ee1e0c82a46c1e0c8160781e0c8160e12200c1b0020000000000000fe
000fe040d71e0c8031f4031f4040ce00000000001b00200000031771e0c81c15e1e0c82a4b0160cf0f07d1c15e040dd0700800000000fe
040cd0c072031f41d890031f41e0c8000000000000000040ca000000317f040df1e0c81e0c81c15e1e0c8040d0000000000000000000fe
000fe040ee2a4b0031f4031f41e0c800000000000000000003000000000000000000000000007001040d807006000040700200000000fe
2200c101901e0c8160ff1e0c8030be00000000001b002000000000000000000000000000000000000700300000000030000000000000fe
000fe040ce220170e096040d11b002000000000000000000030000000000000000000000000000000000000000000000000000000000fe
040d01e0c8040cc200012b00100000010000000000000000000000000000000000000000000070010000000000000000000000000000fe
000fe000fe000fe000fe000fe000fe000fe000fe000fe000fe000fe000fe000fe000fe000fe000fe000fe000fe000fe000fe000fe000fe
88,0,0,0,0
88,0,0,0,0
88,0,0,0,0
88,0,0,0,0
88,0,0,0,0
88,0,0,0,0
88,0,0,0,0
88,0,0,0,0
88,0,0,0,0
88,0,0,0,0
88,0,0,0,0
88,0,0,0,0
88,0,0,0,0
88,0,0,0,0
88,0,0,0,0
88,0,0,0,0
88,0,0,0,0
88,0,0,0,0
88,0,0,0,0
88,0,0,0,0
88,0,0,0,0
88,0,0,0,0
88,0,0,0,0
88,0,0,0,0
88,0,0,0,0
88,0,0,0,0
88,0,0,0,0
88,0,0,0,0
88,0,0,0,0
88,0,0,0,0
88,0,0,0,0
88,0,0,0,0
88,0,0,0,0
88,0,0,0,0
88,0,0,0,0
88,0,0,0,0
88,0,0,0,0
88,0,0,0,0
88,0,0,0,0
88,0,0,0,0
88,0,0,0,0
88,0,0,0,0
88,0,0,0,0
88,0,0,0,0
88,0,0,0,0
88,0,0,0,0
88,0,0,0,0
88,0,0,0,0
88,0,0,0,0
88,0,0,0,0
0>トータエ統治機構,734>0>45287：統治審議会>貴国の支援に心より感謝します。>#CD5C5C
0>石見共和国,735>0>45282：石見共和国外務省>貴国からの国交樹立のご提案を喜んで受諾いたします。また、食料輸出の交渉についても進めさせていただきたいと考えています。>
0>昭栄国,320>0>45117：昭栄国貿易庁>まず鉄鋼１０億トンを発送いたします>#808080
1>昭栄国,320>0>45057：昭栄国国防省>ところで、商品在庫が問題なければ一時的に重工業で砲弾製造を試されては？燃料消費は増えますが...>#808080
0>昭栄国,320>0>45057：昭栄国国防省>砲弾を受領いたしました。鉄の輸送についても要請があり次第行います。(量指定なければ10億トンずつ発送予定)>#808080
0>昭栄国,320>0>45038：昭栄国国防省>分割払いを前提として30億トンでどうでしょうか？発送はそちらの求めに応じて行います。>#808080
0>昭栄国,320>0>45027：昭栄国国防省>１０万メガトンお願いしたいんですが、鉄に対してレートはどれくらいでしょうか？>#808080
0>昭栄国,320>0>45011：昭栄国貿易庁>鉄を対価に砲弾を購入出来ないでしょうか？>#808080
0>神聖ガトーヴィチ帝国,272>0>44104：ガトーヴィチ外政省>1227年1月に挙行される帝国建国八百周年記念式典に貴国貴賓を御招待いたします。御列席頂ける場合、御芳名をお知らせ下さい>#A020F0
0>カルセドニー社会主義共和国,433>0>43271：共和国外交委員会>1203年に行われる、カルセドニー革命500周年記念式典に代表を招待いたします。出席の場合は氏名をご連絡ください。>#FF0000
0>ルーンレシア帝国,680>0>42774：ルーンレシア外務省>貴国の軍事衛星打ち上げに祝意を表します>0000FF
0>神聖ガトーヴィチ帝国,272>0>42657：ガトーヴィチ商工貿易省>ご快諾に感謝いたします。確かに受領いたしました。来期に対価を輸送いたします>#A020F0
0>神聖ガトーヴィチ帝国,272>0>42656：ガトーヴィチ商工貿易省>ありがとうございます。それでは対価を資金20兆Va+鋼鉄2億t+石油4億バレルでいかがでしょうか。>#A020F0
0>神聖ガトーヴィチ帝国,272>0>42624：ガトーヴィチ商工貿易省>貴国より燃料30億ガロンを資金30兆Vaで輸入させていただけないでしょうか。ご検討頂けるとさいわいです>#A020F0
0>レゴリス帝国,232>0>42603：レゴリス帝国外務省>永きにわたる両国の無国交状態を是正する為、両国間に於ける国交関係の解説を提案致します。>#32CD32
735,71,200,45287
725,71,120,44695
232,73,200,44441
232,73,600,44441
680,81,120,44363
680,73,200,44116
680,81,100,44033
680,71,100,43991
433,73,600,43894
640,81,100,43471
680,73,600,42541
440,71,20,42298
662,71,30,41544
433,73,250,41438
640,73,300,41348
680,81,100,41086
663,71,40,41008
433,73,600,40542
638,71,20,36145

