000fe000fe000fe000fe000fe000fe000fe000fe000fe000fe000fe000fe000fe000fe000fe000fe000fe000fe000fe000fe000fe000fe
000fe00000000050000000000000000000000000000000405c040370407704084040560f07d040c82b00104099000002b0010407a000fe
00000000000000000000000001b002040340000000000280fa280fa1c15e04044030be030be040661b00204031030be000001b002000fe
000fe000001b0020000000000000000000000000000001b00204046280fa1c15e0406e030be030be030be030be030be040c300000000fe
00000000000000000000000000000000000000010000004034000000404d280fa030be030be101901e0c8030be040570000000000000fe
000fe00000000000400b00000000000401c00000000000000004030280fa200012a4b01b0020404e2a45d08032360d60402f00000000fe
0000000000000000400c000000401600000000001b002000002b00104037295dc1e0c8000001dbb81c15e10190040261b002040bf000fe
000fe00000040422b001040ce000000000000000040d7030be00000280fa22020260351b0021c15e1c15e040430403000001040d9000fe
000000000004038040110400f1c15e040ce280fa030be030be21000280fa1a00322004040160404d0401404018280fa040c700000000fe
000fe000000000000000040cc1c15e2a4b01e0c8030be030be040ce0401a280fa040200402b00001040530405d1c15e280fa2b001000fe
00000000000000000000040ca1c15e1dbb81b002030be220211e0c81c15e2200300000350221b00204093030be00000040cb00000000fe
000fe00000000000100000000000000000021000030be0406416006040981b00200000040be280fa030be030be00000030be030be000fe
0000000000000000000000000000001b0020000000000040c9040201c15e030be0409d040bc030be0407700000030be0000000000000fe
000fe000001b002030be040ca030be0000000000040d0040ce2b001040cb00001030be030be1c15e030be030be030be040bf00000000fe
00000040d2030be00000030be030be04063040872b0011b00200001040b9030be220001e0c820001030be040aa040a91b00200000000fe
000fe040cc030be0000100000000000000000000000000000000000030be030be030be1b0021c15e030be040af00001040ce00000000fe
040c41c15e000010000000000000001b00200000000000100400000000000406f00000040b7040a1030be040b1000011c15e2b001000fe
000fe030be030be0407f0407b00000040420404a0408800000270000408f000010406b00000280fa1b002030be030be030be040ae000fe
0f07d2b001000000000000000000000000000000040891b00204086040c70404b0000000000280fa04078040b300000030be0f034000fe
000fe040cc040820405200000000000000001000270000408a1c15e1c15e0403e1b0020000022002280fa280fa280fa1b002040a6000fe
00000000000000000000000001b00200000000000000004098040860407a04043000000000004091040790409c040a4280fa2b001000fe
000fe000fe000fe000fe000fe000fe000fe000fe000fe000fe000fe000fe000fe000fe000fe000fe000fe000fe000fe000fe000fe000fe
88,0,0,0,0
7,707,4,7,1
11,707,4,7,1
88,0,0,0,0
88,0,0,0,0
88,0,0,0,0
88,0,0,0,0
88,0,0,0,0
88,0,0,0,0
88,0,0,0,0
88,0,0,0,0
88,0,0,0,0
88,0,0,0,0
88,0,0,0,0
88,0,0,0,0
88,0,0,0,0
88,0,0,0,0
88,0,0,0,0
88,0,0,0,0
88,0,0,0,0
88,0,0,0,0
88,0,0,0,0
88,0,0,0,0
88,0,0,0,0
88,0,0,0,0
88,0,0,0,0
88,0,0,0,0
88,0,0,0,0
88,0,0,0,0
88,0,0,0,0
88,0,0,0,0
88,0,0,0,0
88,0,0,0,0
88,0,0,0,0
88,0,0,0,0
88,0,0,0,0
88,0,0,0,0
88,0,0,0,0
88,0,0,0,0
88,0,0,0,0
88,0,0,0,0
88,0,0,0,0
88,0,0,0,0
88,0,0,0,0
88,0,0,0,0
88,0,0,0,0
88,0,0,0,0
88,0,0,0,0
88,0,0,0,0
88,0,0,0,0
0>トータエ社会主義人民共和国,734>0>45758：トータエ外務省>貴国から商品60兆Va相当を石材8億トンを対価に購入することは可能でしょうか。>#CD5C5C
0>ラ・フローリド共和国,662>0>45679：共和国通商院>感謝申し上げます、次ターンに送金致します。>
0>ラ・フローリド共和国,662>0>45673：共和国通商院>石油10憶バレルを10兆Vaで購入したい。いかがか>
0>トータエ統治機構,734>0>45385：トータエ統治審議会>貴国の巨大隕石災害について、哀悼の意を表明します。>#CD5C5C
0>トータエ統治機構,734>0>45335：トータエ統治審議会>鉄鉱山の開発が無事完了したため、鉄の輸送を開始します。>#CD5C5C
0>トータエ統治機構,734>0>45318：トータエ統治審議会>つきましては、協定への署名をお願いいたします。>#CD5C5C
0>トータエ統治機構,734>0>45318：トータエ統治審議会>我が国は貴国との協定締結を決定しました。入札に参加していただきありがとうございます。>#CD5C5C
1>トータエ統治機構,734>0>45289：統治審議会>https://tanstaafl.tokyo/forums/topic/19943/>#CD5C5C
0>トータエ統治機構,734>0>45289：統治審議会>統治機構は国際会議場（フォーラム）にて入札を募っておりますので、よければそちらからよろしくお願いします。>#CD5C5C
0>トータエ統治機構,734>0>45289：統治審議会>貴国の支援提案を心より感謝いたします。>#CD5C5C
0>ラ・フローリド共和国,662>0>44575：共和国外務院>トップページから確認できる報道機関にて「エルカバーニャ紙」にて貴国のことを取り上げましたので、良かったらみてください>
0>ラ・フローリド共和国,662>0>44437：共和国外務院>直ちに、ウラン鉱山に対し鉱山整備を実施することを進言する。>
0>ラ・フローリド共和国,662>0>44407：共和国外務院>「ホクリク」地域の統治機構として、今後とも継続した関係構築を切に望みます。>
0>ラ・フローリド共和国,662>0>44407：共和国通商院>遅くなり申し訳ございません。燃料３億と資金12兆Va入力完了しました。ご確認ください>
0>ラ・フローリド共和国,662>0>44395：共和国通商院>銀5000を燃料3億ガロンでの購入し、のこり1万5000を資金12兆Vaにて購入したく提示します。>
734,71,200,45330
662,79,30,44404
662,79,10,44404

















