000fe000fe000fe000fe000fe000fe000fe000fe000fe000fe000fe000fe000fe000fe000fe000fe000fe000fe000fe000fe000fe000fe
000fe0000001000010000100001000000000100001000010000100001000000000000100001000010000000000000000000000000000fe
000000100001000010000100000000010000100001000010000100000000040570405304055040540000100000000000000000000000fe
000fe00001010000100001000000010700a010000100000001000010000104080040810407f0407e0405200001000000000000000000fe
000000100001000000010000100001000010000100001000010404d0407d0407c0407b0407a040790405100001000000000000000000fe
000fe0100001000000010404c0404b0404a0404904048040470407816000040760407504074040730407204050000010000000000000fe
000000700a000010409e0409d0409c0409a040aa040a10d06e04071040700406f0406e0406d0406c0406b0404f000010000000000000fe
000fe00001000010409b0409804097040a2040a8040a9040c80406a040690406804067040661007804064040630404e0000000000000fe
0000100001000010409504094040a0040930409204091030be030be030be030be040a60403404062040610405f000010000000000000fe
000fe000000000004090040890409f0f07d0f06e030be030be040c8030be030be030be030be040600405e0405d000010000000000000fe
00000000000408a04082040ab040ac0f07d040c8030be030be030be030be040c8030be030be0405c0405b00001000000000000000000fe
000fe0000000001010000100001000010000100000000030be040c8030be030be030be040c80405a0405904033000010000000000000fe
0000000000000010000101000010000100001000030be040c8030be030be030be0405804032200000403100001000000000000000000fe
000fe000000000000001000010100001000010000100022021030be0000133022040300402f200000402e0402d000010000000000000fe
0000000001000010000100001010000100001000010000000100001000010402c0402b0402a01000010001b002000000000000000000fe
000fe0100001000010000100000001010000100001000010000000001000010000100001000000010000100001000000000000000000fe
350ae0000101000010000100000001000010000101000010000100001000000010000100001000000000000000000000000000000000fe
000fe00001000010000101000010000000100001000010100000001000011b0020000000000000002700000001000000000000000000fe
00001010000e064000010100001000010000000100001000010000100000000000000101000270000100000001000000000000000000fe
000fe0100004046010000000101000010000100001000010000100001000010000100001000010002700001000000010000000000000fe
000010100001000000010000001000010000100001000000000000000000010000100001000010002700001000000000000000000000fe
000fe000fe000fe000fe000fe000fe000fe000fe000fe000fe000fe000fe000fe000fe000fe000fe000fe000fe000fe000fe000fe000fe
41,734,6,3,0
41,734,6,3,0
41,734,6,3,0
88,0,0,0,0
88,0,0,0,0
88,0,0,0,0
88,0,0,0,0
88,0,0,0,0
88,0,0,0,0
88,0,0,0,0
88,0,0,0,0
88,0,0,0,0
88,0,0,0,0
88,0,0,0,0
88,0,0,0,0
88,0,0,0,0
88,0,0,0,0
88,0,0,0,0
88,0,0,0,0
88,0,0,0,0
88,0,0,0,0
88,0,0,0,0
88,0,0,0,0
88,0,0,0,0
88,0,0,0,0
88,0,0,0,0
88,0,0,0,0
88,0,0,0,0
88,0,0,0,0
88,0,0,0,0
88,0,0,0,0
88,0,0,0,0
88,0,0,0,0
88,0,0,0,0
88,0,0,0,0
88,0,0,0,0
88,0,0,0,0
88,0,0,0,0
88,0,0,0,0
88,0,0,0,0
88,0,0,0,0
88,0,0,0,0
88,0,0,0,0
88,0,0,0,0
88,0,0,0,0
88,0,0,0,0
88,0,0,0,0
88,0,0,0,0
88,0,0,0,0
88,0,0,0,0
0>イスタシア臨時政権,725>0>45415：イスタシア政府代表>こちらも来期石材10億トンを輸送いたします。>#008B8B
0>民族自治軍管区ハルィチナー,635>0>45405：ハルィチナー人民代表>食肉50万輸入の件、承知致しました。次ターンに輸送しますので確認次第、対価の資金5兆をお願いします。>#D2691E
0>ホクリクホーム,707>0>45397：ホクリクホーム>この度は巨大隕石の災害に際して哀悼の意を賜わりまして心よりお礼申し上げます。両国の更なる友好と発展をお祈り致します。>#800000
0>民族自治軍管区ハルィチナー,635>0>45390：ハルィチナー人民代表>食肉のレートは標準レートで、食肉10万＝資金1兆になっています。定期輸出の余力は十分にございます。>#D2691E
0>イスタシア臨時政権,725>0>45385：イスタシア政府代表>石材10億トンにつきましては、必要量が確保次第是非取引をさせていただきます。>#008B8B
0>イスタシア臨時政権,725>0>45385：イスタシア政府代表>先の資金援助に対し感謝申し上げます。>#008B8B
0>民族自治軍管区ハルィチナー,635>0>45344：ハルィチナー人民代表>外交関係の成立に感謝しますと共に、記念して若干ながら食肉の無償援助を行います。>#D2691E
0>ラ・フローリド共和国,662>0>45337：共和国財務院>回答に感謝致します。追加の国債発行必要ならば、連絡ください。>
0>ルーンレシア帝国,680>0>45334：ルーンレシア外政府>友邦の帰還を歓迎する。国交の再開を要請する。>0000FF
0>タンファ王国,721>0>45325：タンファ王国外務省>この度は弔いの電報心より感謝いたします。同時期に指導者を失った同士今後の発展を祈って。>
0>ホクリクホーム,707>0>45319：ホクリクホーム>国際会議場（フォーラム）にて協定への署名をさせていただきました。早速、援助物資の建材輸送及び定期送金の準備に入ります。>#800000
0>ラ・フローリド共和国,662>0>45317：共和国財務院>引き継がないならば、新規発行のひとつのリスクとして捉える。>
0>ラ・フローリド共和国,662>0>45317：共和国財務院>発行主体を引き継ぐものであるか照会したい。引き継ぐと明言するならば、追加の国債の引受も検討可能であるが、>
0>ラ・フローリド共和国,662>0>45317：共和国財務院>共和国財務院が保有する旧トータエ社会主義共和国政府発行国債40兆Vaについて貴政府が引き続き>
0>>1>45312：記録>45312期 1258年 8月下旬、カリヌニコフ主席審議官死亡。後継としてアプリコフ氏が就任。>#808080
707,77,2,45335



















