000fe000fe000fe000fe000fe000fe000fe000fe000fe000fe000fe000fe000fe000fe000fe000fe000fe000fe000fe000fe000fe000fe
000fe0000000000000000000000000000002200c030be040e9030be1e0c8080320803211000080320803200000000000000000000000fe
000000000000000000000000000000220171e0c8031f4031f41e0c822017080321e0c8220171e0c80409c0409d000000000000000000fe
000fe0000000000000002b001220011b002040d4031f41d5fe031f4040ec000000000000000080320409b270000409d0409700000000fe
000000000000000031b31e0c8031431b002040d9031f4031f41e0c81b002040e90e05b1b0021b002040d02700027000040d2040ca000fe
000fe00000000001e0c8031b0031a8160e11b002000001c15e000001b002040ed0e0640e032030be00000040ca040cb27000040ce000fe
0000000000031191e0c8040ce2b001040ca1b002040e91b0022200722007220071e0c8080321e0c80000000000040cb040d200000000fe
000fe000001e0c8030be2200d2200a030be1c15e1b0021b002031a60311a1e0c8080320803208032080321b00200000040ca00000000fe
00000030c71e0c8040d8031f41e0c81c15e1b002000001c15e030be08032080321e0c80803211000080321b002040d10000000000000fe
000fe2b0011e0c82b0012602f295dc2201a1b002000001c15e031140803211000080320803208032080321e0c8000000000000000000fe
02000030be0e0641e0c8031f4210011b002000001c15e1e0c8030d908032080321e0c81e0c8080321e0c8160e4000002200c22001000fe
000fe030be1e0c8030be031f40000100000000000000021000030d3031391e0c8030be030be10078220072200700000040e733086000fe
00001030be200001e0c81dbb51b00200000280fa000001b0021c15e0312a2200a1e0c81e0c81e0c8161021b0020000022034040e8000fe
000fe1e0c82b0012201a031f41b0021b00222007220071b002000001e0c8030be0317635022160f31e0c81b002000000000000000000fe
000001e0c822017160ed00000000000d0aa040e9280fa000001b002031ac031a02700013296160f01b00200000000000000000000000fe
000fe000001e0c81e0c81c15e000001b002010aa0d0a81b0021b002160f31e0c8160f6160f6040db1b00200000000000000000000000fe
0000000000000001e0c81c15e000000100301002000041b0021b0021e0c8160fc1e0c8161171b0020000000000000000000000000000fe
000fe00000000001b002160e100000000000000001000040d8160e81b002160ed1e0c8040d81b0020000000000000000000000000000fe
0000000000000001b0021b002040d6000001b00200000200001b0021b0021e0c8040d5161051b0020000000000000000000000000000fe
000fe00000000000000000000280fa2200700000000002200a070040000000000040d01b0021b0020000000000000000000000000000fe
00000000000000000000000001e0c8030be0700400000000010000000000070070000000000000000000000000000000000000000000fe
000fe000fe000fe000fe000fe000fe000fe000fe000fe000fe000fe000fe000fe000fe000fe000fe000fe000fe000fe000fe000fe000fe
12,662,12,2,81
12,662,12,2,99
12,662,12,2,99
12,662,12,2,99
12,662,12,2,99
12,662,12,2,99
12,662,12,2,99
12,662,12,2,99
12,662,12,2,99
12,662,12,2,99
12,662,12,2,99
12,662,12,2,99
12,662,12,2,99
12,662,12,2,99
12,662,12,2,99
12,662,12,2,99
12,662,12,2,99
12,662,12,2,99
12,662,12,2,99
12,662,12,2,99
12,662,12,2,99
12,662,12,2,99
12,662,12,2,99
12,662,12,2,99
12,662,12,2,99
88,0,0,0,0
88,0,0,0,0
88,0,0,0,0
88,0,0,0,0
88,0,0,0,0
88,0,0,0,0
88,0,0,0,0
88,0,0,0,0
88,0,0,0,0
88,0,0,0,0
88,0,0,0,0
88,0,0,0,0
88,0,0,0,0
88,0,0,0,0
88,0,0,0,0
88,0,0,0,0
88,0,0,0,0
88,0,0,0,0
88,0,0,0,0
88,0,0,0,0
88,0,0,0,0
88,0,0,0,0
88,0,0,0,0
88,0,0,0,0
88,0,0,0,0
0>ホクリクホーム,707>0>45679：ホクリクホーム>ご要望を心より感謝申し上げます。ご提案の通りの内容で取引させていただきます。>#800000
0>トータエ統治機構,734>0>45318：トータエ統治審議会>我が国は「トータエ社会主義人民共和国」の債務を全て引き継ぎ、貴国の持つ債権についても同様です。>#CD5C5C
0>ホクリクホーム,707>0>44581：ホクリクホーム>貴国の崇高な『エルカバーニャ紙』を拝見致しました。貴国へ重要な経済貢献を担いまして恐悦至極に存じます。>#800000
0>ホクリクホーム,707>0>44449：ホクリクホーム>貴国よりのご注進まことにかたじけなく心より感謝申し上げる次第です。>#800000
0>ホクリクホーム,707>0>44395：ホクリクホーム>ご提案を心より感謝申し上げます。燃料及び資金での購入をご提示の件は承知しました。どうぞ、そのように宜しくお願い致します。>#800000
0>ホクリクホーム,707>0>44384：ホクリクホーム>銀２万ｔ了解です。元より国際平和貢献の本意、燃料資源を貴国の無理がないようレートは全てお任せして僅かでも喜んで希望します>#800000
0>ホクリクホーム,707>0>44377：ホクリクホーム>輸出可能です。銀２１０００ｔでよろしければご用意します。無期限の定期輸送が可能です。できれば燃料資源を所望したく願います>#800000
0>神聖ガトーヴィチ帝国,272>0>44104：ガトーヴィチ外政省>1227年1月に挙行される帝国建国八百周年記念式典に貴国貴賓を御招待いたします。御列席頂ける場合、御芳名をお知らせ下さい>#A020F0
0>カルセドニー社会主義共和国,433>0>43271：共和国外交委員会>1203年に行われる、カルセドニー革命500周年記念式典に代表を招待いたします。出席の場合は氏名をご連絡ください。>#FF0000
0>神聖ガトーヴィチ帝国,272>0>43232：ガトーヴィチ為政院>たものと信じております。>#A020F0
0>神聖ガトーヴィチ帝国,272>0>43232：ガトーヴィチ為政院>パトリシア・カスティージョ新大統領閣下のご就任をお喜び申し上げます。閣下の施政方針は王道であり貴国の益々の発展は約束され>#A020F0
0>ノイエクルス自由国,1>0>42969：ノイエクルス連邦外務省>イスタシア独立に向け住民投票を実施するため、先進民主国家である貴国に投票監視団の派遣を要請したいと思います。>
0>民族自治軍管区ハルィチナー,635>0>42883：ハルィチナー人民代表>返答が遅くなり申し訳ありません。資金10兆の輸送をお願い致します。>#D2691E
0>セビーリャ責任国,440>0>42873：セビーリャ責任国通商産業省>ありがとうございます。食肉輸送しました。>#FF0000
0>セビーリャ責任国,440>0>42861：セビーリャ責任国通商産業省>貴国から鋼鉄5億トン＝食肉50万トンで輸入可能でしょうか。>#FF0000
726,72,20,44695
433,72,30,44407
433,79,40,44407
707,71,240,44407
707,81,60,44407
680,72,10,41900
272,72,30,41582
667,72,10,41544
590,72,10,41543
647,72,30,41467
272,81,80,41462
640,77,8,41375
433,72,20,40613
608,81,20,35709






