000fe000fe000fe000fe000fe000fe000fe000fe000fe000fe000fe000fe000fe000fe000fe000fe000fe000fe000fe000fe000fe000fe
000fe0000001000010000100001000000000100001000010000100001000000000000100001000010000000000000000000000000000fe
0000001000010000100001000000000100001000010000100001000000000401b0401704019040180000100000000000000000000000fe
000fe0000101000010000100000001010000100001000000010000100001040440404504043040420401600001000000000000000000fe
000000100001000000010000100001000010000100001000010401104041040400403f0403e0403d0401500001000000000000000000fe
000fe010000100000001040100400f0400e0400d0400c0400b0403c0403b0403a0403904038040370403604014000010000000000000fe
0000001000000010406204061040600405e0406e040650d06e0403504034040330403204031040300402f04013000010000000000000fe
000fe00001000010405f0405c0405b040660406c0406d040c80402e0402d0402c0402b0402a040290402804027040120000000000000fe
000010000100001040590405804064040570405604055030be030be030be030be0406a10078040260402504023000010000000000000fe
000fe0000000000040540404d040630f0640f032030be030be040c8030be030be030be030be040240402204021000010000000000000fe
00000000000404e040460406f040700f063040c8030be030be030be030be040c8030be030be040200401f00001000000000000000000fe
000fe00000000010100001000010000100001000030be030be040c8030be030be030be040c80401e0401d01000000010000000000000fe
0000000000000010000101000010000100001000030be040c8030be030be030be0401c01000010000100000001000000000000000000fe
000fe000000000000001000010100001000010000100022021030be00001330220100001000200000100001000000010000000000000fe
00000000010000100001000010100001000010000100000001000010000101000010000100001000010001b002000000000000000000fe
000fe0100001000010000100000001010000100001000010002100101000010000100001000000010000100001000000000000000000fe
350ae0000101000010000100000001000010000101000010000100001000000010000100001000000000000000000000000000000000fe
000fe00001000010000101000010000000100001000010100000001000011b0020000000000000000000000000000000000000000000fe
00001010000e050000010100001000010000000100001000010000100000000000000101000270000000100000000000000000000000fe
000fe010000400a010000000101000010000100001000010000100001000010000100001000010002700000001000000000000000000fe
000010100001000000010000001000010000100001000000000000000000010000100001000010002700000000000000000000000000fe
000fe000fe000fe000fe000fe000fe000fe000fe000fe000fe000fe000fe000fe000fe000fe000fe000fe000fe000fe000fe000fe000fe
16,734,2,18,1
16,734,2,18,1
41,734,2,18,0
41,734,2,18,0
7,734,11,5,2
20,734,11,5,1
2,734,15,12,0
28,734,15,12,0
7,734,15,7,0
17,734,15,7,0
17,734,15,7,0
17,734,15,7,0
2,734,14,8,0
11,734,14,8,0
11,734,17,11,0
2,734,17,11,0
2,734,14,12,0
11,734,14,12,0
2,734,16,12,0
11,734,16,12,0
2,734,13,13,0
11,734,13,13,0
2,734,14,13,0
11,734,14,13,0
2,734,16,13,0
11,734,16,13,0
2,734,17,13,0
11,734,17,13,0
2,734,12,14,0
11,734,12,14,0
2,734,13,14,0
11,734,13,14,0
2,734,14,14,0
11,734,14,14,0
88,0,0,0,0
88,0,0,0,0
88,0,0,0,0
88,0,0,0,0
88,0,0,0,0
88,0,0,0,0
88,0,0,0,0
88,0,0,0,0
88,0,0,0,0
88,0,0,0,0
88,0,0,0,0
88,0,0,0,0
88,0,0,0,0
88,0,0,0,0
88,0,0,0,0
88,0,0,0,0
0>イスタシア臨時政権,725>0>45415：イスタシア政府代表>こちらも来期石材10億トンを輸送いたします。>#008B8B
0>民族自治軍管区ハルィチナー,635>0>45405：ハルィチナー人民代表>食肉50万輸入の件、承知致しました。次ターンに輸送しますので確認次第、対価の資金5兆をお願いします。>#D2691E
0>ホクリクホーム,707>0>45397：ホクリクホーム>この度は巨大隕石の災害に際して哀悼の意を賜わりまして心よりお礼申し上げます。両国の更なる友好と発展をお祈り致します。>#800000
0>民族自治軍管区ハルィチナー,635>0>45390：ハルィチナー人民代表>食肉のレートは標準レートで、食肉10万＝資金1兆になっています。定期輸出の余力は十分にございます。>#D2691E
0>イスタシア臨時政権,725>0>45385：イスタシア政府代表>石材10億トンにつきましては、必要量が確保次第是非取引をさせていただきます。>#008B8B
0>イスタシア臨時政権,725>0>45385：イスタシア政府代表>先の資金援助に対し感謝申し上げます。>#008B8B
0>民族自治軍管区ハルィチナー,635>0>45344：ハルィチナー人民代表>外交関係の成立に感謝しますと共に、記念して若干ながら食肉の無償援助を行います。>#D2691E
0>ラ・フローリド共和国,662>0>45337：共和国財務院>回答に感謝致します。追加の国債発行必要ならば、連絡ください。>
0>ルーンレシア帝国,680>0>45334：ルーンレシア外政府>友邦の帰還を歓迎する。国交の再開を要請する。>0000FF
0>タンファ王国,721>0>45325：タンファ王国外務省>この度は弔いの電報心より感謝いたします。同時期に指導者を失った同士今後の発展を祈って。>
0>ホクリクホーム,707>0>45319：ホクリクホーム>国際会議場（フォーラム）にて協定への署名をさせていただきました。早速、援助物資の建材輸送及び定期送金の準備に入ります。>#800000
0>ラ・フローリド共和国,662>0>45317：共和国財務院>引き継がないならば、新規発行のひとつのリスクとして捉える。>
0>ラ・フローリド共和国,662>0>45317：共和国財務院>発行主体を引き継ぐものであるか照会したい。引き継ぐと明言するならば、追加の国債の引受も検討可能であるが、>
0>ラ・フローリド共和国,662>0>45317：共和国財務院>共和国財務院が保有する旧トータエ社会主義共和国政府発行国債40兆Vaについて貴政府が引き続き>
0>>1>45312：記録>45312期 1258年 8月下旬、カリヌニコフ主席審議官死亡。後継としてアプリコフ氏が就任。>#808080
707,77,2,45335



















