000fe000fe000fe000fe000fe000fe000fe000fe000fe000fe000fe000fe000fe000fe000fe000fe000fe000fe000fe000fe000fe000fe
000fe0000000000000000000000000000000000000000040c8040c80403e280fa040c8030be040a12b00104081000002b0010403d000fe
00000000000000000000000001b002040c80000000000280af280fa1c15e030be030be030be040c81b002040c8030be000001b002000fe
000fe000051b0020000000000000000000000000000001b002040c8280fa1c15e040c8030be030be030be030be030be0409c00000000fe
000000000500000000000000000000000000000000000040c800000040c8280fa030be030be101901e0c8030be040c80000000000000fe
000fe0000000000040aa0000000000040af000000000000000040c8280fa200012a4b01b002040c82a406080323603f040c800000000fe
000000000000000040a000000040ac00000000001b002000002b001040c8295aa1e0c8000001dbb81c15e10190040c81b002040b4000fe
000fe00000040c82b001040c2000000000000000040b1030be00000280fa22020260351b0021c15e1c15e040c8040c8000010405f000fe
0000000001040c8040c8040c81c15e0409e280fa030be030be21000280fa1a00322004040be040c8040c8040c8280fa040c000000000fe
000fe000000000100001040c81c15e2a4b01e0c8030be030be040b8040b3280b9040ba040bc00001040c8040c81c15e280fa2b001000fe
00000000000000100001040c81c15e1dbb81b002030be220211e0c81c15e2200300000350861b00204061030be000000405d00000000fe
000fe000000000001000000000000000000210000309d040c816006040801b00200000040c1280fa030be030be00000030be030be000fe
0000000000000000000000000000001b002000000000004094040c81c15e030be04066040c4030be0406300000030be0000000000000fe
000fe000001b002030be0409a030be000000000004090040922b001040c800001030be030be1c15e030be030be030be040c700000000fe
0000004098030be00000030be030be040c80407d2b00100000000010407c030be220001e0c820001030be04068040691b00200000000fe
000fe040b6030be0000100000000000000000000000000000000000030be030be030be1b0021c15e030be0407200001040c800000000fe
0408e1c15e000010000000000000001b0020000000000010040000000000040c8000000407404065030be0406e000011c15e2b001000fe
000fe030be030be040580405100000040c8040c80404f0000027000040490000104043000002809b1b002030be030be030be0406f000fe
0f0622b0010000000000000000000000000000000404b1b00204047040c8040450000000000280fa040c80407600000030be030be000fe
000fe0408a040c8040c800000000000000001000270000404d1c15e1c15e040501b0020000022002280fa280fa280e01b00204070000fe
00000000000000000000000001b0020000000000000000405604057040540405300000000000405b040c80407a04078280fa2b001000fe
000fe000fe000fe000fe000fe000fe000fe000fe000fe000fe000fe000fe000fe000fe000fe000fe000fe000fe000fe000fe000fe000fe
88,0,0,0,0
88,0,0,0,0
88,0,0,0,0
88,0,0,0,0
88,0,0,0,0
88,0,0,0,0
88,0,0,0,0
88,0,0,0,0
88,0,0,0,0
88,0,0,0,0
88,0,0,0,0
88,0,0,0,0
88,0,0,0,0
88,0,0,0,0
88,0,0,0,0
88,0,0,0,0
88,0,0,0,0
88,0,0,0,0
88,0,0,0,0
88,0,0,0,0
88,0,0,0,0
88,0,0,0,0
88,0,0,0,0
88,0,0,0,0
88,0,0,0,0
88,0,0,0,0
88,0,0,0,0
88,0,0,0,0
88,0,0,0,0
88,0,0,0,0
88,0,0,0,0
88,0,0,0,0
88,0,0,0,0
88,0,0,0,0
88,0,0,0,0
88,0,0,0,0
88,0,0,0,0
88,0,0,0,0
88,0,0,0,0
88,0,0,0,0
88,0,0,0,0
88,0,0,0,0
88,0,0,0,0
88,0,0,0,0
88,0,0,0,0
88,0,0,0,0
88,0,0,0,0
88,0,0,0,0
88,0,0,0,0
88,0,0,0,0
0>トータエ統治機構,734>0>45385：トータエ統治審議会>貴国の巨大隕石災害について、哀悼の意を表明します。>#CD5C5C
0>トータエ統治機構,734>0>45335：トータエ統治審議会>鉄鉱山の開発が無事完了したため、鉄の輸送を開始します。>#CD5C5C
0>トータエ統治機構,734>0>45318：トータエ統治審議会>つきましては、協定への署名をお願いいたします。>#CD5C5C
0>トータエ統治機構,734>0>45318：トータエ統治審議会>我が国は貴国との協定締結を決定しました。入札に参加していただきありがとうございます。>#CD5C5C
1>トータエ統治機構,734>0>45289：統治審議会>https://tanstaafl.tokyo/forums/topic/19943/>#CD5C5C
0>トータエ統治機構,734>0>45289：統治審議会>統治機構は国際会議場（フォーラム）にて入札を募っておりますので、よければそちらからよろしくお願いします。>#CD5C5C
0>トータエ統治機構,734>0>45289：統治審議会>貴国の支援提案を心より感謝いたします。>#CD5C5C
0>ラ・フローリド共和国,662>0>44575：共和国外務院>トップページから確認できる報道機関にて「エルカバーニャ紙」にて貴国のことを取り上げましたので、良かったらみてください>
0>ラ・フローリド共和国,662>0>44437：共和国外務院>直ちに、ウラン鉱山に対し鉱山整備を実施することを進言する。>
0>ラ・フローリド共和国,662>0>44407：共和国外務院>「ホクリク」地域の統治機構として、今後とも継続した関係構築を切に望みます。>
0>ラ・フローリド共和国,662>0>44407：共和国通商院>遅くなり申し訳ございません。燃料３億と資金12兆Va入力完了しました。ご確認ください>
0>ラ・フローリド共和国,662>0>44395：共和国通商院>銀5000を燃料3億ガロンでの購入し、のこり1万5000を資金12兆Vaにて購入したく提示します。>
0>ラ・フローリド共和国,662>0>44389：共和国通商院>銀2万t可能な件、感謝します。燃料との放出は正直難しく、資金での取引（条件は提示した内容）は可能でしょうか>
0>ラ・フローリド共和国,662>0>44377：共和国通商院>燃料の場合はどのようなレートを希望しますか>
0>ラ・フローリド共和国,662>0>44377：共和国通商院>貴国の返答に感謝する。銀2万tの定期輸送を希望するが、対価は資金を希望(1万あたり8兆Va）いかがか。>
734,71,200,45330
662,79,30,44404
662,79,10,44404

















