000fe000fe000fe000fe000fe000fe000fe000fe000fe000fe000fe000fe000fe000fe000fe000fe000fe000fe000fe000fe000fe000fe
000fe0000000004000000000000000000001b00200000000000000000005000000000000000000000000000000030be031f403199000fe
00000000001e0c828096280a9280ad00000000000000000000000050000000000000000000000000000001e0c81e0c81dbb803117000fe
000fe000001e0c8030be080321e0c8031f41e0c8000000000000000000001b0021b0021b002000000000000000030be1e0c8031f4000fe
1e0c81e0c8160b70803208032031f41dbb81e0c8000001b002000001b002030be030be030be1b0021b00200000000000000000000000fe
000fe031f41db8c0803211000080322200b1e0c820000280a81b0021b002030be1e0c8030be1e0c8031ba1b002000000000000000000fe
00000031f4220170803208032040c80e0941e0c8031f41e0c81b002030be16000040c81e0c81dbb8031f41b0021b0020000000000000fe
000fe030be1e0c81e0c8080321e0c816093160e41dbb8220211e0c81e0c81e0c81e0c8160a5031f41e0c81b002000000000000000000fe
030be040c816039030be2b0012b0011e0c81e0c822000030be160ff030be031f41dbb8031f4030be1b00200000000000000000000000fe
000fe030be030be0f07d22017260212b001040c81602a1e0c81e0c8031f420000040c8360541e0c81b00200000000000000000000000fe
1e0c8160300f07d16045160721e0c8160991e0c8030be031f4295dc160b10f07d030be160c9030be1b0021b002000000000500000000fe
000fe1e0c81e0c81e0c8031f41e0c8160bc030be100c8030be160541e0c81e0c8031f41e0c81e0c81e0c81b002000000000000000000fe
031f41dbb81e0c8040c81dbb81e0c822021030be1e0c822021030be031f41dbb816000030be030be1b0021b002000000000000000000fe
000fe1e0c81e0c8030be031f4031f4030be2b001160212b0011e0c8031f41e0c81e0c8030be1e0c8030be000001b0020000000004000fe
00000030be16054031f41e0c81e0c8160121e0c82b001350861dbb8031f4030be030be030be1e0c8030be1e0c8000000000000000000fe
000fe030be1e0c81dbb81606c0f07d160961e0c8030be220171e0c81e0c8030be1b0021b002030be030be030be030be1b00200000000fe
000001e0c8031f41e0c81608d031f41dbb81603f030be030be160211e0c81b002000001b0021e0c8030be1e0c8030be1b00200000000fe
000fe1b0021b002030be1e0c8030be1e0c8031f41e0c8031f4030be030be030be1b002000001b00200000030be1b0020000000000000fe
00000000001b002030be030be1e0c822017160001dbb8031f41e0c8031f4030be1b00200000000001b0021b002000000000000000000fe
000fe00005000001b0021b002030be030be1e0c81e0c8031f41e0c81dbb81e0c81b00200000000000000000000000000000000000000fe
000001b00200000000001b00200000030be030be1e0c821001031ee031f4030be1b00200005000000000000000000000000000000000fe
000fe000fe000fe000fe000fe000fe000fe000fe000fe000fe000fe000fe000fe000fe000fe000fe000fe000fe000fe000fe000fe000fe
88,0,0,0,0
88,0,0,0,0
88,0,0,0,0
88,0,0,0,0
88,0,0,0,0
88,0,0,0,0
88,0,0,0,0
88,0,0,0,0
88,0,0,0,0
88,0,0,0,0
88,0,0,0,0
88,0,0,0,0
88,0,0,0,0
88,0,0,0,0
88,0,0,0,0
88,0,0,0,0
88,0,0,0,0
88,0,0,0,0
88,0,0,0,0
88,0,0,0,0
88,0,0,0,0
88,0,0,0,0
88,0,0,0,0
88,0,0,0,0
88,0,0,0,0
88,0,0,0,0
88,0,0,0,0
88,0,0,0,0
88,0,0,0,0
88,0,0,0,0
88,0,0,0,0
88,0,0,0,0
88,0,0,0,0
88,0,0,0,0
88,0,0,0,0
88,0,0,0,0
88,0,0,0,0
88,0,0,0,0
88,0,0,0,0
88,0,0,0,0
88,0,0,0,0
88,0,0,0,0
88,0,0,0,0
88,0,0,0,0
88,0,0,0,0
88,0,0,0,0
88,0,0,0,0
88,0,0,0,0
88,0,0,0,0
88,0,0,0,0
0>民族自治軍管区ハルィチナー,635>0>45384：ハルィチナー人民代表>貿易レート改定に伴い、貴国に対する食肉輸出量を価格は据え置きのまま、6万9千から9万に増大いたします。>#D2691E
0>トータエ統治機構,734>0>45335：トータエ統治審議会>貴国との国交関係再開を歓迎します。>#CD5C5C
1>四十二真理教国,734>0>45277：真理外務部>ありがとうございます。鉄鉱山開発については、既に掲示板で出資募集をしており、そこに入札していただきたいと思います。>#808080
0>四十二真理教国,734>0>45277：真理外務部>国交樹立の打診、感謝いたします。貴国との国交樹立に同意します。>#808080
0>ピシア共和国,638>0>44579：共和国政府>次のターンに鋼鉄を輸出する>0000FF
0>セリティヌム連邦,663>0>44372：連邦第II委員会>なお、(1)戦後に再開の用意があること (2)本措置は瀬・椅両国に対しても同様であることを併せてお伝えいたします。>
0>セリティヌム連邦,663>0>44372：連邦第II委員会>貴国による瀬・椅国に対する宣戦布告に伴い、連邦政府は戦時中立を保つため、貿易の停止を通告します。>
0>ピシア共和国,638>0>44340：共和国政府>鋼鉄10億トンの輸出は可能である>0000FF
0>神聖ガトーヴィチ帝国,272>0>44104：ガトーヴィチ外政省>1227年1月に挙行される帝国建国八百周年記念式典に貴国貴賓を御招待いたします。御列席頂ける場合、御芳名をお知らせ下さい>#A020F0
0>タンファ王国,721>0>43254：タンファ王国外務省>貴国の祝電感謝いたしますと共に物資の支援心から感動の意を表させて頂きます>
0>トータエ社会主義人民共和国,710>0>43069：トータエ外務省>貴国の巨大隕石災害に、友邦として追悼の意を示します。復興支援物資をお送りします。>#CD5C5C
0>ヴェールヌイ社会主義共和国,640>0>43069：共和国宮殿>巨大隕石災害に、心から哀悼の意を表します。復興支援として建材をお送りします。>87CEEB
0>タンファ王国,721>0>42775：タンファ王国通商部>ありがとうございます、今後とも変わりなき友好国としてよろしくお願いします。>#000000
0>タンファ王国,721>0>42771：タンファ王国通商部>恩義を仇で返す形でありますがどうかご理解の程よろしくお願いします>#000000
0>タンファ王国,721>0>42771：タンファ王国通商部>突然の訪問失礼します。燃料需要の拡大から燃料の貿易を停止のお願いに参りました。以前の食糧支援という>#000000
635,71,60,45439
667,79,12,44363
667,71,400,43926
663,71,100,43188
667,79,18,42702
667,71,260,42702
721,71,280,42683
667,80,6,42683
667,71,22,42540
662,71,50,41903
272,79,10,41393
272,71,400,41393
590,71,40,38817







