000fe000fe000fe000fe000fe000fe000fe000fe000fe000fe000fe000fe000fe000fe000fe000fe000fe000fe000fe000fe000fe000fe
000fe2201701000010651b0021b0021600c1e0c81600c220011b0021b002000001b0021b0021b0021e0c80803208032030be350ae000fe
040d3280fa01000010001b0021b002160351e0c8160bd0000100000000001b002160151600f1602708032080321e0c81e0c8030be000fe
000fe010000000100000000001b0021b0021a00122021280fa00000000001b002160091e0c81e0c808032080321100008032030be000fe
000000000108032080321b00200000030be030be040de270001b0021b002160c81e0c8040eb0f07d080320802808032080321b002000fe
000fe1b002080321e0c808032030be010001e0c82b0010407e100a01600c1606c1e0c80402a280fa040d70803208032080321e0c8000fe
1b00208032080321100008032040231c15e04010040dc040e2030be030be030be2200a000000000000000280aa1e0c8280fa2201a000fe
000fe1b002010000803208032000000402232054040de2200d030be1e0c81e0c8030be22003000000000000000000000100000000000fe
1b00200000280fa010001c15e280fa0403d04011040e1030be2605c295dc1e0c80000100000010010000000000000000000000000000fe
000fe1b0020403e010001c15e1c15e27000040de0407a280fa030be1e0c81e0c8030be00000000000000000000000010000000001000fe
000001b0021b0021c15e010001c15e1c15e01000280a31c15e030be030be030be0000001000010000000000000000002201a20004000fe
000fe000001b0021b0021b00201000030be030be030be040e01c15e1c15e1c15e000000000001000030be010000000001000030be000fe
1b0021b0020e05e010001b0020400e280fa0407c280fa0407d01065000000100000000010000100022035000001b0022000001000000fe
000fe0305b030be040da010651b0021b002000011b0020d0651c15e0100000000000001b002000000000000000000001b0021b002000fe
1b0021b002220172b001010001b00222021010001b002010000100000000220320000000000040e80100000000220192b0011b002000fe
000fe000001b0021b0021b0021b0022b001010002b0011b00200000220201b002000000000000000010002a4b00100001000280fa000fe
0000000000000000000000000000002b001010001b0020000000000000000000000000040d8280fa010651c15e01000040db1b002000fe
000fe000000000000000000000000000000000011b002010002b00101000270002809c01065040ce220050100004034220071b002000fe
000000100001000000000000100000000000000021000010001c15e2b001040cd010002b00122007040362b001220171b0021b002000fe
000fe0100001000010650000000000000000000400000000001b0021b0021b0020400f01000010000f07d220070d08d1b0021b002000fe
0000001000010000100000000000000000000000000000000000000000001b0021b002010001b0021b0021b0021b0021b0021b002000fe
000fe000fe000fe000fe000fe000fe000fe000fe000fe000fe000fe000fe000fe000fe000fe000fe000fe000fe000fe000fe000fe000fe
16,725,2,12,1
2,725,6,5,0
16,725,6,5,1
16,725,6,5,1
16,725,6,5,1
16,725,6,5,1
16,725,6,5,1
62,725,11,5,0
62,725,11,5,0
62,725,13,3,0
62,725,13,3,0
62,725,13,3,0
62,725,13,3,0
62,725,13,3,0
62,725,15,2,0
62,725,15,2,0
18,725,3,20,0
18,725,3,20,0
26,725,20,11,0
2,725,19,11,0
24,725,19,11,0
2,725,20,12,0
24,725,20,12,0
83,725,7,3,0
2,725,7,10,0
4,725,13,11,0
20,725,7,10,1
2,725,14,17,0
11,725,14,17,0
21,725,7,3,1
21,725,7,3,1
2,725,16,15,0
24,725,16,15,0
2,725,19,7,0
24,725,19,7,0
13,725,9,2,0
13,725,9,2,0
13,725,9,2,0
13,725,9,2,0
13,725,9,2,0
13,725,9,2,0
13,725,9,2,0
13,725,9,2,0
13,725,9,2,0
13,725,9,2,0
88,0,0,0,0
88,0,0,0,0
88,0,0,0,0
88,0,0,0,0
88,0,0,0,0
0>トータエ統治機構,734>0>45415：トータエ統治審議会>前もって資金30兆Vaを送金します。>#CD5C5C
0>トータエ統治機構,734>0>45384：トータエ統治審議会>準備が整い次第、貴政府から石材10億を30兆Vaで輸入することは可能でしょうか。>#CD5C5C
0>トータエ統治機構,734>0>45336：トータエ統治審議会>貴政府に緊急で資金援助を実施します。>#CD5C5C
0>ルーンレシア帝国,680>0>45228：ルーンレシア外務省>貴地域の安定のため、支援金を送付する>0000FF
0>レゲロ社会主義人民共和国,667>0>44372：レゲロ外交通商部>44371期1232年7月上旬宣戦布告、44379期1232年9月下旬攻撃を通告する。>#32CD32
0>ルーンレシア帝国,680>0>44371：ルーンレシア外政府>攻撃開始時期は44379期1232年9月下旬とする。>0000FF
0>ルーンレシア帝国,680>0>44371：ルーンレシア外政府>イスタシア臨時政府に対し、44371期1232年7月上旬、宣戦を布告する。>0000FF
0>セニオリス連邦,634>0>44286：セニオリス外務省>貴国における臨時政府発足に祝意を表すると共に、早期復興を願い、次期に食肉を輸送致します。>#00BFFF
0>神聖ガトーヴィチ帝国,272>0>44104：ガトーヴィチ外政省>1227年1月に挙行される帝国建国八百周年記念式典に貴共同体貴賓を御招待いたします。御列席頂ける場合、御芳名をお知らせ下>#A020F0
0>レゲロ社会主義人民共和国,667>0>44044：レゲロ外交通商部>貴共同体内の反乱分子排除のための義勇兵派遣の用意がございます。>#32CD32
0>ラ・フローリド共和国,662>0>43591：共和国通商院>石材５億t購入したく思います。対価は食料１００億ｔでいかがでしょうか。ご検討下さい>
0>カルセドニー社会主義共和国,433>0>43272：共和国外交委員会>1203年に行われる、カルセドニー革命500周年記念式典に代表を招待いたします。出席の場合は氏名をご連絡ください。>#FF0000
0>ヴェニス・コンプレックス,728>0>42831：V.E.N.I.C.E.>貴国との国交関係の樹立を歓迎いたします。当システムと直通の外交用端末を送付いたしました。>0000FF
0>トータエ社会主義人民共和国,710>0>42673：トータエ外務省>石材の到着を確認しましたので送金します。>#CD5C5C
0>トータエ社会主義人民共和国,710>0>42614：トータエ外務省>石材の在庫が確保できましたら連絡お待ちしております。>#CD5C5C
667,72,30,44695
721,72,10,44663


















