000fe000fe000fe000fe000fe000fe000fe000fe000fe000fe000fe000fe000fe000fe000fe000fe000fe000fe000fe000fe000fe000fe
000fe0000000000000000000000000000000000000000000000000000000000000000000000000000000000000000000000000000000fe
000000000000000000000000000000000000000000000000000000121000000010000000000000000000000000000000000000000000fe
000fe0000000000000000000000000000000000000000000010000101000010000100000001000000000000000000000000000000000fe
00000000000000000000000000000000001000010100001000010001e0c8080320100000001000000000000000000000000000000000fe
000fe0000000000000000000000001010000100001000030be0302a08032110000803201000010000000100000000000000000000000fe
000000000000000000000000101000030be030be030be04026030be08032080320307b0306a010000000100000000000000000000000fe
000fe0000000000000000000001000030be04026030be030be20000030be030be030be0402b0307f0100001000000010000000000000fe
0000000000000000000000001030be030be030be030be030be1e0c8220351e0c8030be03098030130307c01000000010000000000000fe
000fe00000000000000000001030be0803208032030be12000030be32033030be030be030be200040402c0309f010000000000000000fe
00000000000000000000010001e0c81100008032030be1e0c81e0c81e0c81e0c8220351e0c8030be030be01000000010000000000000fe
000fe00000000000000000001010000803208032030be030be1e0c82947c1e0c8030be030be080320803201000000010000000000000fe
0000000000000000000101000030be030be030be0405b030be1e0c81e0c8030be030be08032110001e0c801000000000000000000000fe
000fe000000000000000010000307e0403010028030be030be030be030be030be22035030be080320803201000000010000000000000fe
000000000000000000010100002000030a1030be03088030be2203534017030be0d03203070030be0100000001000000000000000000fe
000fe000000000000000000010100001000030be04029030be030be030be0d0320d032030920402a030be01000000000000000000000fe
00000000000000000000000010000101000030be030be0803208032030be0402f030be030be030be0100000001000000000000000000fe
000fe0000000000000000000000000000010100001000080321100008032030be030be01000010000100000001000000000000000000fe
000000000000000000000000000000000000000101000080321e0c801000010000100000001000010000000000000000000000000000fe
000fe0000000000000000000000000000000000000001010000100001000000010000100000000000000000000000000000000000000fe
000000000000000000000000000000000000000000001000010000000000000000000000000000000000000000000000000000000000fe
000fe000fe000fe000fe000fe000fe000fe000fe000fe000fe000fe000fe000fe000fe000fe000fe000fe000fe000fe000fe000fe000fe
83,735,10,14,0
83,735,10,14,0
83,735,10,14,0
83,735,10,14,0
83,735,10,14,0
83,735,10,14,0
88,0,0,0,0
88,0,0,0,0
88,0,0,0,0
88,0,0,0,0
88,0,0,0,0
88,0,0,0,0
88,0,0,0,0
88,0,0,0,0
88,0,0,0,0
88,0,0,0,0
88,0,0,0,0
88,0,0,0,0
88,0,0,0,0
88,0,0,0,0
88,0,0,0,0
88,0,0,0,0
88,0,0,0,0
88,0,0,0,0
88,0,0,0,0
88,0,0,0,0
88,0,0,0,0
88,0,0,0,0
88,0,0,0,0
88,0,0,0,0
88,0,0,0,0
88,0,0,0,0
88,0,0,0,0
88,0,0,0,0
88,0,0,0,0
88,0,0,0,0
88,0,0,0,0
88,0,0,0,0
88,0,0,0,0
88,0,0,0,0
88,0,0,0,0
88,0,0,0,0
88,0,0,0,0
88,0,0,0,0
88,0,0,0,0
88,0,0,0,0
88,0,0,0,0
88,0,0,0,0
88,0,0,0,0
88,0,0,0,0
0>トータエ統治機構,734>0>45475：トータエ統治審議会>貴国に建材を支援します。>#CD5C5C
0>トータエ統治機構,734>0>45421：トータエ統治審議会>貴国に食肉を支援します。>#CD5C5C
0>レゲロ社会主義人民共和国,667>0>45287：レゲロ外交通商部>10兆の定期供与に訂正させていただきます。必要に応じて協力は協議させていただくので食料供給力の強化をお願いいたします。>#32CD32
0>レゲロ社会主義人民共和国,667>0>45287：レゲロ外交通商部>30兆vaの定期供与と、約50兆相当の臨時供与を実施させていただきたいと思います。>#32CD32
0>レゲロ社会主義人民共和国,667>0>45287：レゲロ外交通商部>貴国のご返答に感謝致します。まずは貴国の発展に必要な開発援助を実施したいと考えます。>#32CD32
0>トータエ統治機構,734>0>45284：統治審議会>貴国との国交樹立を歓迎し、承認します。>#808080
0>レゲロ社会主義人民共和国,667>0>45272：レゲロ外交通商部>貴国の食料増産を以て、資金供与額に見合った食料の出荷に移行し食料購入契約に移行する提案をさせていただきたい。>#32CD32
0>レゲロ社会主義人民共和国,667>0>45272：レゲロ外交通商部>貴国との国交樹立及び食料輸入交渉を行いたいと思います。まず我々は無償による資金供与を行い、>#32CD32
0>民族自治軍管区ハルィチナー,635>0>45236：ハルィチナー人民代表>弊軍管区は貴国との間に外交関係の樹立を提案させて頂きます。>#D2691E
1>ヴェールヌイ社会主義共和国,640>0>45216：共和国外務省>建国おめでとうございます。開発に支援が必要であれば用意がございますので、気兼ねなくご相談ください。>87CEEB
0>>0>>
0>>0>>
0>>0>>
0>>0>>
0>>0>>
667,72,60,45773



















