000fe000fe000fe000fe000fe000fe000fe000fe000fe000fe000fe000fe000fe000fe000fe000fe000fe000fe000fe000fe000fe000fe
000fe0000000000000000000000000000000000000000040bc040a6040c7280fa0408a030be040622b00104042000002b001040c5000fe
00000000000000000000000001b002040b90000000000280fa280fa1c15e030be030be030be040c41b002040bb030be000001b002000fe
000fe000001b0020000000000000000000000000000001b002040b7280fa1c15e040c2030be030be030be030be030be0405d00000000fe
000000000000000000000000000000000000000000000040af00000040b1280fa030be030be101901e0c8030be040b40000000000000fe
000fe00005000000406b000000000504070000000000000000040ad280fa200012a4b01b002040a22a4b008032360ae040a000000000fe
00000000000000004061000000406d00000000001b002000002b0010409f295dc1e0c8000001dbb81c15e10190040a91b00204075000fe
000fe00000040982b0010408300000000000000004072030be00000280fa22020260351b0021c15e1c15e0409d040970000104020000fe
00000000010408c0409b040911c15e0405f280fa030be030be21000280fa1a003220040407f0409a040c8040c8280fa0408100000000fe
000fe000000000100001040941c15e2a4b01e0c8030be030be0407904074280fa0407b0407d00001040c8040c01c15e280fa2b001000fe
00000000000000100001040aa1c15e1dbb81b002030be220211e0c81c15e2200300000350d61b00204022030be000000401e00000000fe
000fe00000000000100000000000000000021000030be040c816006040411b0020000004082280fa030be030be00000030be030be000fe
0000000000000000000000000000001b002000000000004055040961c15e030be0402704085030be0402400000030be0000000000000fe
000fe000001b002030be0405b030be000000000004051040532b0010409300001030be030be1c15e030be030be030be0408800000000fe
0000004059030be00000030be030be040c80403e2b00100000000010403d030be220001e0c820001030be040290402a1b00200000000fe
000fe04077030be0000100000000000000000000000000000000000030be030be030be1b0021c15e030be04033000010408900000000fe
0404f1c15e000010000000000000001b0020000000000010040000000000040c8000000403504026030be0402f000011c15e2b001000fe
000fe030be030be040190401200000040bf040be0401000000270000400a000010400400000280fa1b002030be030be030be04030000fe
0f0232b0010000000000000000000000000000000400c1b002040080408e040060000000000280fa040c80403700000030be030be000fe
000fe0404b040900408f00000000000000001000270000400e1c15e1c15e040111b0020000022002280fa280fa280fa1b00204031000fe
00000000000000000000000001b0020000000000000000401704018040150401400000000000401c040c80403b04039280fa2b001000fe
000fe000fe000fe000fe000fe000fe000fe000fe000fe000fe000fe000fe000fe000fe000fe000fe000fe000fe000fe000fe000fe000fe
88,0,0,0,0
88,0,0,0,0
7,707,11,1,1
11,707,11,1,1
7,707,20,1,1
11,707,20,1,1
88,0,0,0,0
88,0,0,0,0
88,0,0,0,0
88,0,0,0,0
88,0,0,0,0
88,0,0,0,0
88,0,0,0,0
88,0,0,0,0
88,0,0,0,0
88,0,0,0,0
88,0,0,0,0
88,0,0,0,0
88,0,0,0,0
88,0,0,0,0
88,0,0,0,0
88,0,0,0,0
88,0,0,0,0
88,0,0,0,0
88,0,0,0,0
88,0,0,0,0
88,0,0,0,0
88,0,0,0,0
88,0,0,0,0
88,0,0,0,0
88,0,0,0,0
88,0,0,0,0
88,0,0,0,0
88,0,0,0,0
88,0,0,0,0
88,0,0,0,0
88,0,0,0,0
88,0,0,0,0
88,0,0,0,0
88,0,0,0,0
88,0,0,0,0
88,0,0,0,0
88,0,0,0,0
88,0,0,0,0
88,0,0,0,0
88,0,0,0,0
88,0,0,0,0
88,0,0,0,0
88,0,0,0,0
88,0,0,0,0
0>トータエ統治機構,734>0>45385：トータエ統治審議会>貴国の巨大隕石災害について、哀悼の意を表明します。>#CD5C5C
0>トータエ統治機構,734>0>45335：トータエ統治審議会>鉄鉱山の開発が無事完了したため、鉄の輸送を開始します。>#CD5C5C
0>トータエ統治機構,734>0>45318：トータエ統治審議会>つきましては、協定への署名をお願いいたします。>#CD5C5C
0>トータエ統治機構,734>0>45318：トータエ統治審議会>我が国は貴国との協定締結を決定しました。入札に参加していただきありがとうございます。>#CD5C5C
1>トータエ統治機構,734>0>45289：統治審議会>https://tanstaafl.tokyo/forums/topic/19943/>#CD5C5C
0>トータエ統治機構,734>0>45289：統治審議会>統治機構は国際会議場（フォーラム）にて入札を募っておりますので、よければそちらからよろしくお願いします。>#CD5C5C
0>トータエ統治機構,734>0>45289：統治審議会>貴国の支援提案を心より感謝いたします。>#CD5C5C
0>ラ・フローリド共和国,662>0>44575：共和国外務院>トップページから確認できる報道機関にて「エルカバーニャ紙」にて貴国のことを取り上げましたので、良かったらみてください>
0>ラ・フローリド共和国,662>0>44437：共和国外務院>直ちに、ウラン鉱山に対し鉱山整備を実施することを進言する。>
0>ラ・フローリド共和国,662>0>44407：共和国外務院>「ホクリク」地域の統治機構として、今後とも継続した関係構築を切に望みます。>
0>ラ・フローリド共和国,662>0>44407：共和国通商院>遅くなり申し訳ございません。燃料３億と資金12兆Va入力完了しました。ご確認ください>
0>ラ・フローリド共和国,662>0>44395：共和国通商院>銀5000を燃料3億ガロンでの購入し、のこり1万5000を資金12兆Vaにて購入したく提示します。>
0>ラ・フローリド共和国,662>0>44389：共和国通商院>銀2万t可能な件、感謝します。燃料との放出は正直難しく、資金での取引（条件は提示した内容）は可能でしょうか>
0>ラ・フローリド共和国,662>0>44377：共和国通商院>燃料の場合はどのようなレートを希望しますか>
0>ラ・フローリド共和国,662>0>44377：共和国通商院>貴国の返答に感謝する。銀2万tの定期輸送を希望するが、対価は資金を希望(1万あたり8兆Va）いかがか。>
734,71,200,45330
662,79,30,44404
662,79,10,44404

















